>NNNACAGGAAGT	1-NNNACAGGAAGT	7.447819	-2273.613285	0	T:4174.0(50.98%),B:16246.0(18.06%),P:1e-987	Tpos:101.5,Tstd:48.9,Bpos:99.3,Bstd:64.6,StrandBias:0.0,Multiplicity:1.37
0.265	0.253	0.288	0.194
0.283	0.226	0.289	0.203
0.304	0.211	0.315	0.170
0.465	0.088	0.297	0.149
0.199	0.541	0.224	0.036
0.922	0.004	0.065	0.009
0.001	0.001	0.997	0.001
0.005	0.001	0.993	0.001
0.997	0.001	0.001	0.001
0.799	0.009	0.001	0.191
0.317	0.080	0.594	0.009
0.108	0.261	0.174	0.457
>NBWTCCKGTBHN	2-NBWTCCKGTBHN	7.055421	-1220.157261	0	T:3257.0(39.78%),B:15096.0(16.78%),P:1e-529	Tpos:98.1,Tstd:51.6,Bpos:99.1,Bstd:61.9,StrandBias:-0.0,Multiplicity:1.09
0.247	0.255	0.256	0.241
0.160	0.329	0.221	0.291
0.450	0.001	0.001	0.548
0.001	0.001	0.001	0.997
0.001	0.997	0.001	0.001
0.001	0.997	0.001	0.001
0.006	0.234	0.321	0.439
0.001	0.001	0.997	0.001
0.001	0.376	0.001	0.622
0.001	0.365	0.327	0.307
0.299	0.226	0.129	0.347
0.236	0.268	0.288	0.209
>VTGACTCABNNN	3-VTGACTCABNNN	8.824988	-503.566584	0	T:687.0(8.39%),B:1732.9(1.93%),P:1e-218	Tpos:100.7,Tstd:46.8,Bpos:99.8,Bstd:61.9,StrandBias:-0.0,Multiplicity:1.05
0.325	0.230	0.294	0.150
0.028	0.001	0.015	0.956
0.001	0.001	0.961	0.037
0.891	0.001	0.001	0.107
0.124	0.506	0.343	0.027
0.001	0.001	0.001	0.997
0.001	0.997	0.001	0.001
0.997	0.001	0.001	0.001
0.020	0.296	0.293	0.392
0.271	0.263	0.212	0.254
0.213	0.259	0.291	0.237
0.219	0.263	0.243	0.276
>KCTATTTTTAGH	4-KCTATTTTTAGH	8.069945	-345.977573	0	T:478.0(5.84%),B:1210.9(1.35%),P:1e-150	Tpos:101.6,Tstd:56.8,Bpos:100.1,Bstd:59.5,StrandBias:-0.0,Multiplicity:1.06
0.121	0.102	0.408	0.370
0.055	0.660	0.075	0.210
0.001	0.014	0.001	0.984
0.865	0.005	0.075	0.055
0.036	0.001	0.001	0.962
0.054	0.014	0.001	0.931
0.029	0.054	0.052	0.865
0.322	0.016	0.020	0.642
0.114	0.029	0.089	0.768
0.710	0.001	0.276	0.013
0.232	0.081	0.622	0.065
0.288	0.350	0.154	0.208
>SAGAGGAAGTBD	5-SAGAGGAAGTBD	8.921076	-309.715809	0	T:571.0(6.97%),B:1845.2(2.05%),P:1e-134	Tpos:92.4,Tstd:51.5,Bpos:104.8,Bstd:58.9,StrandBias:0.2,Multiplicity:1.00
0.068	0.463	0.361	0.109
0.538	0.114	0.267	0.081
0.009	0.009	0.954	0.028
0.822	0.106	0.001	0.071
0.001	0.122	0.868	0.009
0.001	0.001	0.899	0.099
0.997	0.001	0.001	0.001
0.668	0.134	0.001	0.197
0.009	0.038	0.944	0.009
0.001	0.186	0.001	0.812
0.009	0.239	0.365	0.387
0.375	0.153	0.228	0.243
>GCACTTCCTGGA	6-GCACTTCCTGGA	5.711638	-296.457277	0	T:2496.0(30.48%),B:17347.6(19.29%),P:1e-128	Tpos:99.9,Tstd:54.0,Bpos:99.9,Bstd:63.0,StrandBias:-0.0,Multiplicity:1.14
0.097	0.045	0.810	0.048
0.064	0.771	0.113	0.052
0.749	0.082	0.098	0.071
0.053	0.728	0.051	0.168
0.080	0.025	0.019	0.876
0.033	0.036	0.045	0.886
0.029	0.870	0.066	0.035
0.010	0.932	0.028	0.030
0.091	0.034	0.021	0.854
0.062	0.014	0.849	0.075
0.063	0.041	0.857	0.039
0.824	0.045	0.077	0.054
>NNCCATTGTTYY	7-NNCCATTGTTYY	6.579890	-272.641861	0	T:784.0(9.57%),B:3399.5(3.78%),P:1e-118	Tpos:98.2,Tstd:52.3,Bpos:99.5,Bstd:59.1,StrandBias:-0.1,Multiplicity:1.06
0.226	0.232	0.345	0.197
0.212	0.317	0.222	0.248
0.001	0.849	0.109	0.041
0.021	0.651	0.001	0.327
0.997	0.001	0.001	0.001
0.001	0.001	0.001	0.997
0.001	0.001	0.001	0.997
0.001	0.001	0.997	0.001
0.001	0.017	0.001	0.981
0.115	0.320	0.001	0.564
0.157	0.358	0.069	0.415
0.163	0.311	0.150	0.377
>GGCHSNVTGCCA	8-GGCHSNVTGCCA	8.271611	-258.353369	0	T:1024.0(12.51%),B:5245.6(5.83%),P:1e-112	Tpos:98.4,Tstd:50.2,Bpos:99.4,Bstd:64.2,StrandBias:-0.0,Multiplicity:1.07
0.001	0.001	0.997	0.001
0.001	0.039	0.959	0.001
0.330	0.552	0.117	0.001
0.351	0.255	0.077	0.317
0.151	0.354	0.313	0.182
0.241	0.306	0.268	0.184
0.205	0.336	0.305	0.154
0.261	0.001	0.236	0.502
0.001	0.001	0.959	0.039
0.001	0.997	0.001	0.001
0.001	0.997	0.001	0.001
0.580	0.288	0.001	0.131
>YWAAGGAAACAG	9-YWAAGGAAACAG	9.669926	-238.491414	0	T:435.0(5.31%),B:1389.8(1.55%),P:1e-103	Tpos:95.5,Tstd:54.9,Bpos:103.5,Bstd:64.9,StrandBias:-0.0,Multiplicity:1.02
0.217	0.376	0.159	0.248
0.369	0.110	0.145	0.376
0.648	0.212	0.129	0.011
0.910	0.001	0.088	0.001
0.029	0.001	0.969	0.001
0.005	0.001	0.993	0.001
0.895	0.035	0.069	0.001
0.884	0.083	0.001	0.032
0.997	0.001	0.001	0.001
0.049	0.905	0.014	0.032
0.848	0.001	0.001	0.150
0.114	0.199	0.481	0.207
>DRGGAMATGCYN	10-DRGGAMATGCYN	7.219328	-235.056416	0	T:1059.0(12.93%),B:5735.7(6.38%),P:1e-102	Tpos:96.5,Tstd:54.4,Bpos:100.0,Bstd:60.9,StrandBias:-0.2,Multiplicity:1.03
0.206	0.132	0.326	0.336
0.294	0.120	0.397	0.189
0.001	0.001	0.714	0.284
0.001	0.001	0.997	0.001
0.835	0.002	0.001	0.162
0.529	0.469	0.001	0.001
0.946	0.052	0.001	0.001
0.008	0.207	0.029	0.756
0.001	0.089	0.547	0.363
0.279	0.677	0.012	0.032
0.192	0.395	0.054	0.359
0.251	0.236	0.217	0.295
>GCCCCCTAGTGG	11-GCCCCCTAGTGG	9.524497	-227.853632	0	T:343.0(4.19%),B:935.7(1.04%),P:1e-98	Tpos:104.3,Tstd:34.9,Bpos:97.8,Bstd:58.6,StrandBias:0.3,Multiplicity:1.01
0.080	0.001	0.805	0.114
0.122	0.770	0.042	0.066
0.001	0.976	0.001	0.022
0.330	0.668	0.001	0.001
0.001	0.633	0.001	0.365
0.001	0.997	0.001	0.001
0.146	0.057	0.030	0.767
0.608	0.090	0.236	0.066
0.059	0.201	0.693	0.047
0.051	0.139	0.001	0.809
0.001	0.001	0.997	0.001
0.045	0.022	0.910	0.023
>TCATTTCCTHAG	12-TCATTTCCTHAG	8.944995	-217.498461	0	T:304.0(3.71%),B:775.3(0.86%),P:1e-94	Tpos:107.5,Tstd:54.6,Bpos:98.7,Bstd:64.0,StrandBias:0.2,Multiplicity:1.01
0.205	0.162	0.182	0.452
0.042	0.675	0.035	0.248
0.740	0.178	0.044	0.038
0.016	0.272	0.215	0.498
0.041	0.046	0.128	0.785
0.024	0.045	0.043	0.888
0.035	0.781	0.139	0.045
0.024	0.934	0.011	0.031
0.050	0.060	0.035	0.855
0.276	0.326	0.075	0.323
0.471	0.184	0.154	0.191
0.205	0.223	0.373	0.198
>NARDGGGAAGTG	13-NARDGGGAAGTG	8.273071	-184.951072	0	T:854.0(10.43%),B:4645.8(5.17%),P:1e-80	Tpos:102.3,Tstd:53.8,Bpos:100.2,Bstd:62.3,StrandBias:-0.1,Multiplicity:1.06
0.286	0.244	0.264	0.206
0.408	0.163	0.243	0.187
0.483	0.097	0.350	0.070
0.313	0.089	0.317	0.281
0.001	0.001	0.997	0.001
0.001	0.001	0.997	0.001
0.001	0.001	0.997	0.001
0.997	0.001	0.001	0.001
0.900	0.001	0.065	0.034
0.285	0.151	0.563	0.001
0.001	0.330	0.074	0.595
0.199	0.182	0.387	0.232
>CWGTTCCTTCCT	14-CWGTTCCTTCCT	10.285820	-168.226220	0	T:307.0(3.75%),B:979.7(1.09%),P:1e-73	Tpos:99.7,Tstd:54.4,Bpos:100.7,Bstd:63.6,StrandBias:0.6,Multiplicity:1.00
0.263	0.688	0.039	0.010
0.440	0.052	0.079	0.428
0.036	0.360	0.553	0.051
0.017	0.010	0.003	0.970
0.021	0.001	0.001	0.977
0.050	0.941	0.001	0.008
0.100	0.868	0.001	0.031
0.084	0.001	0.012	0.903
0.296	0.001	0.001	0.702
0.017	0.950	0.013	0.020
0.062	0.612	0.001	0.325
0.089	0.332	0.017	0.562
>AYTTCCTCTCTG	15-AYTTCCTCTCTG	9.052876	-146.839314	0	T:484.0(5.91%),B:2239.6(2.49%),P:1e-63	Tpos:97.8,Tstd:52.8,Bpos:99.9,Bstd:63.2,StrandBias:-0.0,Multiplicity:1.01
0.630	0.051	0.174	0.145
0.115	0.394	0.210	0.281
0.084	0.015	0.001	0.900
0.001	0.001	0.096	0.902
0.001	0.881	0.117	0.001
0.033	0.965	0.001	0.001
0.042	0.219	0.036	0.703
0.143	0.733	0.001	0.123
0.114	0.001	0.146	0.739
0.001	0.678	0.258	0.063
0.107	0.001	0.022	0.870
0.001	0.001	0.997	0.001
>CAGGAAATCCTG	16-CAGGAAATCCTG	8.767217	-111.133483	0	T:431.0(5.26%),B:2157.0(2.40%),P:1e-48	Tpos:105.9,Tstd:53.6,Bpos:98.8,Bstd:65.3,StrandBias:0.1,Multiplicity:1.00
0.028	0.925	0.033	0.014
0.819	0.014	0.028	0.139
0.151	0.022	0.772	0.055
0.108	0.230	0.448	0.214
0.771	0.196	0.019	0.014
0.681	0.291	0.014	0.014
0.889	0.086	0.024	0.001
0.068	0.042	0.293	0.597
0.093	0.888	0.018	0.001
0.147	0.758	0.028	0.067
0.151	0.001	0.028	0.820
0.028	0.042	0.878	0.052
>MGGCCCCACCCA	17-MGGCCCCACCCA	9.553878	-108.289112	0	T:618.0(7.55%),B:3627.8(4.03%),P:1e-47	Tpos:96.6,Tstd:51.3,Bpos:97.7,Bstd:57.4,StrandBias:-0.2,Multiplicity:1.04
0.278	0.363	0.210	0.149
0.182	0.068	0.574	0.176
0.062	0.178	0.481	0.280
0.001	0.997	0.001	0.001
0.001	0.702	0.001	0.296
0.343	0.655	0.001	0.001
0.001	0.997	0.001	0.001
0.857	0.001	0.002	0.140
0.001	0.892	0.106	0.001
0.001	0.997	0.001	0.001
0.001	0.997	0.001	0.001
0.488	0.222	0.021	0.269
>CCTTCCTGTCTC	18-CCTTCCTGTCTC	9.764245	-71.674811	0	T:270.0(3.30%),B:1334.3(1.48%),P:1e-31	Tpos:105.8,Tstd:52.2,Bpos:99.7,Bstd:60.0,StrandBias:0.0,Multiplicity:1.01
0.082	0.829	0.064	0.025
0.023	0.975	0.001	0.001
0.093	0.060	0.063	0.784
0.001	0.059	0.060	0.880
0.089	0.776	0.107	0.028
0.065	0.756	0.065	0.114
0.108	0.067	0.050	0.775
0.099	0.030	0.805	0.066
0.069	0.077	0.128	0.726
0.001	0.929	0.014	0.056
0.063	0.046	0.056	0.835
0.023	0.929	0.047	0.001
>CTGGCCAGGCCA	19-CTGGCCAGGCCA	8.985538	-64.091569	0	T:349.0(4.26%),B:2011.9(2.24%),P:1e-27	Tpos:100.8,Tstd:51.7,Bpos:98.3,Bstd:63.5,StrandBias:0.1,Multiplicity:1.02
0.053	0.728	0.199	0.020
0.222	0.003	0.155	0.620
0.158	0.015	0.826	0.001
0.156	0.026	0.773	0.045
0.006	0.867	0.104	0.023
0.045	0.827	0.024	0.104
0.710	0.040	0.036	0.214
0.176	0.001	0.793	0.030
0.105	0.021	0.873	0.001
0.076	0.845	0.043	0.036
0.001	0.840	0.017	0.142
0.776	0.176	0.009	0.039
>CTTCCTCTTCTG	20-CTTCCTCTTCTG	9.446463	-61.378529	0	T:330.0(4.03%),B:1893.3(2.10%),P:1e-26	Tpos:99.8,Tstd:54.1,Bpos:98.0,Bstd:61.9,StrandBias:0.2,Multiplicity:1.01
0.062	0.820	0.061	0.057
0.064	0.091	0.047	0.798
0.079	0.061	0.051	0.809
0.004	0.894	0.039	0.063
0.005	0.948	0.026	0.021
0.067	0.056	0.083	0.794
0.089	0.840	0.024	0.047
0.093	0.067	0.085	0.755
0.080	0.030	0.084	0.806
0.087	0.801	0.053	0.059
0.095	0.001	0.013	0.891
0.042	0.058	0.844	0.056
>GAGAGGAAGCTG	21-GAGAGGAAGCTG	11.525241	-59.837859	0	T:140.0(1.71%),B:536.6(0.60%),P:1e-25	Tpos:94.9,Tstd:55.4,Bpos:99.7,Bstd:65.7,StrandBias:-0.1,Multiplicity:1.01
0.001	0.256	0.542	0.201
0.539	0.068	0.258	0.135
0.001	0.189	0.809	0.001
0.997	0.001	0.001	0.001
0.001	0.001	0.997	0.001
0.001	0.311	0.687	0.001
0.704	0.238	0.057	0.001
0.967	0.031	0.001	0.001
0.001	0.001	0.733	0.265
0.001	0.997	0.001	0.001
0.067	0.001	0.001	0.931
0.001	0.001	0.997	0.001
>WSTTCCTCTCKY	22-WSTTCCTCTCKY	11.105270	-26.639454	0	T:56.0(0.68%),B:206.8(0.23%),P:1e-11	Tpos:95.9,Tstd:43.1,Bpos:107.5,Bstd:59.3,StrandBias:-0.9,Multiplicity:1.00
0.500	0.005	0.001	0.494
0.079	0.394	0.526	0.001
0.001	0.001	0.078	0.920
0.078	0.001	0.001	0.920
0.079	0.906	0.005	0.010
0.078	0.837	0.001	0.084
0.158	0.236	0.180	0.427
0.001	0.997	0.001	0.001
0.001	0.005	0.078	0.916
0.001	0.584	0.078	0.337
0.079	0.001	0.511	0.409
0.001	0.437	0.001	0.561
>ATTAVGACGGCW	23-ATTAVGACGGCW	11.870632	-24.396679	0	T:8.0(0.10%),B:2.9(0.00%),P:1e-10	Tpos:79.5,Tstd:47.8,Bpos:92.9,Bstd:51.3,StrandBias:0.0,Multiplicity:1.00
0.853	0.001	0.001	0.145
0.001	0.269	0.001	0.729
0.001	0.001	0.001	0.997
0.997	0.001	0.001	0.001
0.292	0.427	0.281	0.001
0.134	0.001	0.731	0.134
0.719	0.146	0.001	0.134
0.001	0.864	0.134	0.001
0.001	0.001	0.997	0.001
0.001	0.010	0.988	0.001
0.001	0.997	0.001	0.001
0.572	0.001	0.001	0.426
>CTGGAGGTCAGG	24-CTGGAGGTCAGG	12.355432	-21.652614	0	T:10.0(0.12%),B:6.6(0.01%),P:1e-9	Tpos:91.1,Tstd:57.2,Bpos:106.2,Bstd:33.9,StrandBias:0.3,Multiplicity:1.00
0.100	0.700	0.100	0.100
0.100	0.100	0.100	0.700
0.100	0.100	0.700	0.100
0.100	0.100	0.700	0.100
0.700	0.100	0.100	0.100
0.100	0.100	0.700	0.100
0.100	0.100	0.700	0.100
0.100	0.100	0.100	0.700
0.100	0.700	0.100	0.100
0.700	0.100	0.100	0.100
0.100	0.100	0.700	0.100
0.100	0.100	0.700	0.100
>TTTCCTCTVTCT	25-TTTCCTCTVTCT	13.894158	-9.387324	0	T:7.0(0.09%),B:11.0(0.01%),P:1e-4	Tpos:112.1,Tstd:49.2,Bpos:25.4,Bstd:42.0,StrandBias:-0.4,Multiplicity:1.00
0.001	0.001	0.001	0.997
0.001	0.001	0.001	0.997
0.001	0.001	0.001	0.997
0.001	0.591	0.407	0.001
0.001	0.997	0.001	0.001
0.001	0.001	0.001	0.997
0.001	0.682	0.001	0.316
0.409	0.001	0.001	0.589
0.404	0.269	0.326	0.001
0.001	0.001	0.001	0.997
0.001	0.997	0.001	0.001
0.001	0.001	0.001	0.997
