>ACTTCCTGTY	1-ACTTCCTGTY	6.832816	-2348.498414	0	T:4224.0(51.59%),B:16261.8(18.08%),P:1e-1019	Tpos:101.5,Tstd:49.6,Bpos:99.5,Bstd:65.0,StrandBias:-0.0,Multiplicity:1.38
0.551	0.133	0.245	0.071
0.023	0.639	0.045	0.293
0.121	0.027	0.037	0.815
0.013	0.026	0.034	0.927
0.029	0.903	0.022	0.046
0.023	0.931	0.021	0.025
0.018	0.089	0.071	0.822
0.063	0.201	0.576	0.160
0.111	0.287	0.092	0.510
0.143	0.341	0.189	0.327
>AGGAARTNNS	2-AGGAARTNNS	6.256021	-1754.918377	0	T:5066.0(61.87%),B:27128.4(30.16%),P:1e-762	Tpos:102.0,Tstd:54.4,Bpos:98.9,Bstd:63.6,StrandBias:-0.1,Multiplicity:1.22
0.424	0.224	0.244	0.109
0.001	0.001	0.997	0.001
0.008	0.001	0.990	0.001
0.933	0.014	0.052	0.001
0.938	0.028	0.001	0.033
0.436	0.130	0.336	0.098
0.001	0.383	0.001	0.615
0.265	0.203	0.301	0.231
0.239	0.260	0.281	0.220
0.193	0.366	0.238	0.204
>KATGASTCAT	3-KATGASTCAT	6.942362	-590.906952	0	T:1010.0(12.34%),B:3132.8(3.48%),P:1e-256	Tpos:101.8,Tstd:48.7,Bpos:99.6,Bstd:61.2,StrandBias:0.1,Multiplicity:1.08
0.182	0.178	0.290	0.349
0.498	0.151	0.282	0.069
0.001	0.031	0.002	0.966
0.028	0.017	0.656	0.299
0.919	0.022	0.003	0.056
0.150	0.361	0.373	0.117
0.055	0.041	0.078	0.826
0.180	0.775	0.024	0.021
0.941	0.007	0.046	0.006
0.065	0.249	0.207	0.479
>CGGAAGGATG	4-CGGAAGGATG	7.203199	-382.994317	0	T:820.0(10.01%),B:2973.5(3.31%),P:1e-166	Tpos:98.0,Tstd:50.0,Bpos:98.0,Bstd:65.8,StrandBias:0.2,Multiplicity:1.03
0.304	0.694	0.001	0.001
0.001	0.001	0.997	0.001
0.001	0.001	0.997	0.001
0.997	0.001	0.001	0.001
0.997	0.001	0.001	0.001
0.001	0.001	0.997	0.001
0.001	0.001	0.997	0.001
0.821	0.001	0.177	0.001
0.113	0.189	0.001	0.697
0.197	0.094	0.708	0.001
>HYTTCCTGRC	5-HYTTCCTGRC	8.088541	-356.378458	0	T:1530.0(18.69%),B:8246.7(9.17%),P:1e-154	Tpos:99.8,Tstd:54.1,Bpos:101.3,Bstd:64.9,StrandBias:0.2,Multiplicity:1.04
0.302	0.277	0.117	0.304
0.001	0.516	0.059	0.424
0.260	0.042	0.006	0.692
0.001	0.157	0.089	0.753
0.001	0.997	0.001	0.001
0.001	0.997	0.001	0.001
0.001	0.001	0.001	0.997
0.046	0.001	0.952	0.001
0.545	0.001	0.453	0.001
0.212	0.490	0.198	0.100
>GTACAGGATG	6-GTACAGGATG	7.524259	-329.630593	0	T:908.0(11.09%),B:3859.9(4.29%),P:1e-143	Tpos:102.3,Tstd:54.5,Bpos:98.6,Bstd:60.3,StrandBias:-0.1,Multiplicity:1.01
0.089	0.065	0.785	0.061
0.095	0.103	0.145	0.657
0.687	0.075	0.143	0.095
0.026	0.900	0.056	0.018
0.851	0.060	0.055	0.034
0.038	0.100	0.827	0.035
0.068	0.030	0.824	0.078
0.907	0.013	0.038	0.042
0.137	0.052	0.032	0.779
0.123	0.017	0.790	0.070
>NCCATTGTTY	7-NCCATTGTTY	7.208744	-323.233026	0	T:1126.0(13.75%),B:5451.8(6.06%),P:1e-140	Tpos:99.0,Tstd:53.4,Bpos:99.9,Bstd:61.8,StrandBias:-0.1,Multiplicity:1.09
0.238	0.296	0.273	0.193
0.018	0.603	0.283	0.096
0.076	0.603	0.001	0.320
0.864	0.001	0.001	0.134
0.001	0.008	0.001	0.990
0.001	0.001	0.001	0.997
0.001	0.001	0.997	0.001
0.001	0.001	0.001	0.997
0.001	0.259	0.214	0.526
0.066	0.385	0.055	0.494
>CTATTTTTAG	8-CTATTTTTAG	7.829441	-316.690901	0	T:478.0(5.84%),B:1310.3(1.46%),P:1e-137	Tpos:103.2,Tstd:56.5,Bpos:98.9,Bstd:58.6,StrandBias:0.0,Multiplicity:1.06
0.062	0.749	0.079	0.110
0.008	0.001	0.001	0.990
0.953	0.001	0.001	0.045
0.062	0.001	0.001	0.936
0.081	0.001	0.002	0.916
0.050	0.064	0.046	0.840
0.348	0.008	0.006	0.638
0.124	0.041	0.088	0.747
0.648	0.001	0.337	0.014
0.213	0.093	0.608	0.086
>NBTTCCGKTN	9-NBTTCCGKTN	5.801873	-246.487226	0	T:1052.0(12.85%),B:5569.9(6.19%),P:1e-107	Tpos:98.7,Tstd:49.7,Bpos:99.3,Bstd:61.0,StrandBias:0.0,Multiplicity:1.06
0.311	0.182	0.299	0.207
0.041	0.366	0.254	0.340
0.286	0.140	0.074	0.500
0.001	0.040	0.001	0.958
0.099	0.635	0.001	0.265
0.001	0.995	0.001	0.003
0.027	0.317	0.655	0.001
0.161	0.195	0.390	0.254
0.261	0.248	0.001	0.490
0.266	0.181	0.224	0.329
>AGGAMATCCB	10-AGGAMATCCB	7.281576	-242.689237	0	T:896.0(10.94%),B:4426.1(4.92%),P:1e-105	Tpos:101.5,Tstd:53.7,Bpos:99.2,Bstd:62.1,StrandBias:0.1,Multiplicity:1.03
0.625	0.001	0.149	0.225
0.001	0.101	0.897	0.001
0.001	0.329	0.608	0.062
0.997	0.001	0.001	0.001
0.323	0.453	0.001	0.223
0.798	0.001	0.076	0.125
0.078	0.001	0.075	0.846
0.001	0.891	0.001	0.107
0.001	0.997	0.001	0.001
0.001	0.293	0.422	0.284
>DGCCWGCCAR	11-DGCCWGCCAR	6.118737	-170.246622	0	T:3331.0(40.68%),B:27991.1(31.12%),P:1e-73	Tpos:102.8,Tstd:52.4,Bpos:99.8,Bstd:65.6,StrandBias:-0.0,Multiplicity:1.31
0.291	0.116	0.341	0.252
0.032	0.119	0.768	0.081
0.001	0.806	0.065	0.128
0.076	0.822	0.001	0.101
0.397	0.001	0.232	0.370
0.001	0.001	0.997	0.001
0.048	0.583	0.368	0.001
0.010	0.988	0.001	0.001
0.569	0.215	0.093	0.123
0.353	0.138	0.438	0.071
>CCGGATGTGW	12-CCGGATGTGW	7.733055	-148.466273	0	T:329.0(4.02%),B:1205.3(1.34%),P:1e-64	Tpos:96.2,Tstd:52.7,Bpos:100.8,Bstd:58.2,StrandBias:0.1,Multiplicity:1.01
0.147	0.801	0.001	0.051
0.142	0.813	0.044	0.001
0.001	0.038	0.960	0.001
0.019	0.001	0.937	0.043
0.635	0.001	0.001	0.363
0.001	0.001	0.001	0.997
0.334	0.114	0.551	0.001
0.149	0.001	0.090	0.760
0.001	0.217	0.492	0.289
0.370	0.113	0.069	0.448
>YGGAAACAGG	13-YGGAAACAGG	6.461507	-142.762191	0	T:866.0(10.58%),B:5217.7(5.80%),P:1e-62	Tpos:100.8,Tstd:55.1,Bpos:102.0,Bstd:62.4,StrandBias:0.2,Multiplicity:1.02
0.181	0.333	0.116	0.370
0.052	0.271	0.598	0.079
0.014	0.210	0.498	0.278
0.588	0.094	0.159	0.159
0.547	0.219	0.012	0.222
0.683	0.053	0.108	0.156
0.032	0.893	0.064	0.011
0.716	0.190	0.055	0.039
0.157	0.179	0.635	0.029
0.037	0.116	0.522	0.325
>TGASGTCATH	14-TGASGTCATH	6.412508	-140.081762	0	T:985.0(12.03%),B:6245.0(6.94%),P:1e-60	Tpos:101.1,Tstd:52.4,Bpos:99.0,Bstd:60.0,StrandBias:-0.0,Multiplicity:1.06
0.093	0.032	0.044	0.831
0.037	0.025	0.854	0.084
0.902	0.032	0.037	0.029
0.017	0.537	0.392	0.054
0.137	0.141	0.687	0.035
0.014	0.011	0.016	0.959
0.056	0.866	0.028	0.050
0.820	0.036	0.042	0.102
0.047	0.209	0.259	0.485
0.291	0.361	0.126	0.222
>RGCCCCACCC	15-RGCCCCACCC	7.810104	-115.882372	0	T:1345.0(16.43%),B:9824.2(10.92%),P:1e-50	Tpos:99.0,Tstd:53.7,Bpos:98.5,Bstd:57.1,StrandBias:-0.1,Multiplicity:1.15
0.346	0.182	0.286	0.186
0.162	0.179	0.575	0.084
0.079	0.798	0.001	0.122
0.001	0.627	0.001	0.371
0.226	0.741	0.001	0.032
0.001	0.972	0.026	0.001
0.997	0.001	0.001	0.001
0.001	0.927	0.071	0.001
0.001	0.997	0.001	0.001
0.001	0.997	0.001	0.001
>CCYCTAGTGG	16-CCYCTAGTGG	9.215260	-113.305616	0	T:319.0(3.90%),B:1355.0(1.51%),P:1e-49	Tpos:104.3,Tstd:40.0,Bpos:98.1,Bstd:58.7,StrandBias:-0.0,Multiplicity:1.01
0.001	0.997	0.001	0.001
0.226	0.687	0.086	0.001
0.001	0.486	0.001	0.512
0.001	0.997	0.001	0.001
0.037	0.001	0.001	0.961
0.725	0.022	0.140	0.113
0.001	0.310	0.579	0.110
0.119	0.001	0.001	0.879
0.001	0.001	0.971	0.027
0.001	0.044	0.954	0.001
>GGCCTGGCTG	17-GGCCTGGCTG	7.174244	-100.546941	0	T:1903.0(23.24%),B:15459.6(17.19%),P:1e-43	Tpos:99.4,Tstd:53.4,Bpos:100.1,Bstd:64.4,StrandBias:0.0,Multiplicity:1.10
0.001	0.131	0.847	0.021
0.001	0.343	0.604	0.052
0.006	0.831	0.001	0.162
0.001	0.668	0.046	0.285
0.242	0.001	0.087	0.670
0.011	0.079	0.653	0.257
0.124	0.229	0.621	0.026
0.062	0.873	0.064	0.001
0.001	0.001	0.001	0.997
0.001	0.086	0.730	0.183
>YCATAAATCA	18-YCATAAATCA	8.614692	-91.402832	0	T:168.0(2.05%),B:541.5(0.60%),P:1e-39	Tpos:106.9,Tstd:55.9,Bpos:96.3,Bstd:59.8,StrandBias:-0.2,Multiplicity:1.00
0.080	0.420	0.071	0.428
0.313	0.685	0.001	0.001
0.643	0.001	0.355	0.001
0.001	0.001	0.001	0.997
0.770	0.001	0.001	0.228
0.883	0.001	0.001	0.115
0.997	0.001	0.001	0.001
0.001	0.001	0.001	0.997
0.298	0.486	0.001	0.214
0.997	0.001	0.001	0.001
>ATTGTGTAAT	19-ATTGTGTAAT	6.657068	-83.809303	0	T:494.0(6.03%),B:2929.5(3.26%),P:1e-36	Tpos:97.4,Tstd:58.6,Bpos:102.3,Bstd:57.9,StrandBias:0.0,Multiplicity:1.04
0.798	0.079	0.046	0.077
0.063	0.079	0.045	0.813
0.043	0.013	0.063	0.881
0.096	0.041	0.815	0.048
0.050	0.048	0.121	0.781
0.075	0.072	0.792	0.061
0.087	0.094	0.049	0.770
0.804	0.080	0.035	0.081
0.742	0.102	0.050	0.106
0.056	0.065	0.072	0.807
>ATTGTTATCG	20-ATTGTTATCG	6.699324	-82.989247	0	T:350.0(4.27%),B:1818.5(2.02%),P:1e-36	Tpos:91.2,Tstd:58.0,Bpos:104.2,Bstd:58.5,StrandBias:-0.2,Multiplicity:1.01
0.789	0.064	0.061	0.086
0.055	0.059	0.065	0.821
0.074	0.058	0.013	0.855
0.080	0.076	0.788	0.056
0.037	0.052	0.053	0.858
0.041	0.082	0.052	0.825
0.685	0.118	0.059	0.138
0.034	0.105	0.055	0.806
0.049	0.838	0.042	0.071
0.072	0.077	0.742	0.109
>TAGGGGGCGC	21-TAGGGGGCGC	6.837832	-79.575788	0	T:127.0(1.55%),B:367.4(0.41%),P:1e-34	Tpos:103.3,Tstd:37.9,Bpos:99.1,Bstd:56.3,StrandBias:0.2,Multiplicity:1.02
0.020	0.017	0.001	0.962
0.997	0.001	0.001	0.001
0.001	0.001	0.997	0.001
0.013	0.001	0.985	0.001
0.001	0.001	0.922	0.076
0.001	0.001	0.997	0.001
0.001	0.001	0.997	0.001
0.001	0.997	0.001	0.001
0.001	0.001	0.997	0.001
0.001	0.997	0.001	0.001
>CGGTGACCTT	22-CGGTGACCTT	8.135072	-76.068594	0	T:318.0(3.88%),B:1646.8(1.83%),P:1e-33	Tpos:98.4,Tstd:54.3,Bpos:101.1,Bstd:61.3,StrandBias:-0.1,Multiplicity:1.01
0.101	0.667	0.103	0.129
0.108	0.032	0.738	0.122
0.044	0.262	0.649	0.045
0.001	0.001	0.001	0.997
0.321	0.001	0.677	0.001
0.856	0.001	0.054	0.089
0.001	0.925	0.043	0.031
0.001	0.937	0.001	0.061
0.116	0.001	0.068	0.815
0.001	0.001	0.001	0.997
>AGCTGGCCGG	23-AGCTGGCCGG	6.603379	-56.057415	0	T:1304.0(15.93%),B:10853.0(12.07%),P:1e-24	Tpos:97.8,Tstd:53.6,Bpos:100.7,Bstd:63.5,StrandBias:0.0,Multiplicity:1.08
0.911	0.033	0.012	0.044
0.161	0.038	0.738	0.063
0.064	0.834	0.011	0.091
0.108	0.310	0.007	0.575
0.038	0.047	0.882	0.033
0.067	0.167	0.745	0.021
0.024	0.744	0.084	0.148
0.104	0.566	0.136	0.194
0.018	0.108	0.690	0.184
0.013	0.022	0.752	0.213
>CGYTTCMCTT	24-CGYTTCMCTT	8.082873	-43.792846	0	T:187.0(2.28%),B:983.6(1.09%),P:1e-19	Tpos:105.7,Tstd:51.5,Bpos:97.6,Bstd:62.9,StrandBias:-0.1,Multiplicity:1.01
0.337	0.491	0.171	0.001
0.048	0.001	0.950	0.001
0.055	0.490	0.001	0.454
0.088	0.001	0.111	0.800
0.338	0.001	0.172	0.489
0.001	0.916	0.082	0.001
0.556	0.442	0.001	0.001
0.001	0.567	0.276	0.156
0.001	0.001	0.277	0.721
0.192	0.101	0.104	0.603
>TGACGTCACT	25-TGACGTCACT	7.406895	-33.952422	0	T:225.0(2.75%),B:1397.3(1.55%),P:1e-14	Tpos:92.1,Tstd:53.8,Bpos:98.6,Bstd:57.8,StrandBias:0.3,Multiplicity:1.01
0.036	0.148	0.075	0.741
0.056	0.046	0.807	0.091
0.789	0.046	0.097	0.068
0.072	0.787	0.044	0.097
0.098	0.059	0.788	0.055
0.109	0.067	0.087	0.737
0.042	0.821	0.096	0.041
0.864	0.063	0.041	0.032
0.096	0.841	0.062	0.001
0.053	0.043	0.028	0.876
