>ACTTCCTGTY	1-ACTTCCTGTY	6.832816	-2348.498414	0	T:4224.0(51.59%),B:16261.8(18.08%),P:1e-1019	Tpos:101.5,Tstd:49.6,Bpos:99.5,Bstd:65.0,StrandBias:-0.0,Multiplicity:1.38
0.551	0.133	0.245	0.071
0.023	0.639	0.045	0.293
0.121	0.027	0.037	0.815
0.013	0.026	0.034	0.927
0.029	0.903	0.022	0.046
0.023	0.931	0.021	0.025
0.018	0.089	0.071	0.822
0.063	0.201	0.576	0.160
0.111	0.287	0.092	0.510
0.143	0.341	0.189	0.327
>AGGAARTNNS	2-AGGAARTNNS	6.256021	-1754.918377	0	T:5066.0(61.87%),B:27128.4(30.16%),P:1e-762	Tpos:102.0,Tstd:54.4,Bpos:98.9,Bstd:63.6,StrandBias:-0.1,Multiplicity:1.22
0.424	0.224	0.244	0.109
0.001	0.001	0.997	0.001
0.008	0.001	0.990	0.001
0.933	0.014	0.052	0.001
0.938	0.028	0.001	0.033
0.436	0.130	0.336	0.098
0.001	0.383	0.001	0.615
0.265	0.203	0.301	0.231
0.239	0.260	0.281	0.220
0.193	0.366	0.238	0.204
>KATGASTCAT	3-KATGASTCAT	6.942362	-590.906952	0	T:1010.0(12.34%),B:3132.8(3.48%),P:1e-256	Tpos:101.8,Tstd:48.7,Bpos:99.6,Bstd:61.2,StrandBias:0.1,Multiplicity:1.08
0.182	0.178	0.290	0.349
0.498	0.151	0.282	0.069
0.001	0.031	0.002	0.966
0.028	0.017	0.656	0.299
0.919	0.022	0.003	0.056
0.150	0.361	0.373	0.117
0.055	0.041	0.078	0.826
0.180	0.775	0.024	0.021
0.941	0.007	0.046	0.006
0.065	0.249	0.207	0.479
>CGGAAGGATG	4-CGGAAGGATG	7.203199	-382.994317	0	T:820.0(10.01%),B:2973.5(3.31%),P:1e-166	Tpos:98.0,Tstd:50.0,Bpos:98.0,Bstd:65.8,StrandBias:0.2,Multiplicity:1.03
0.304	0.694	0.001	0.001
0.001	0.001	0.997	0.001
0.001	0.001	0.997	0.001
0.997	0.001	0.001	0.001
0.997	0.001	0.001	0.001
0.001	0.001	0.997	0.001
0.001	0.001	0.997	0.001
0.821	0.001	0.177	0.001
0.113	0.189	0.001	0.697
0.197	0.094	0.708	0.001
>HYTTCCTGRC	5-HYTTCCTGRC	8.088541	-356.378458	0	T:1530.0(18.69%),B:8246.7(9.17%),P:1e-154	Tpos:99.8,Tstd:54.1,Bpos:101.3,Bstd:64.9,StrandBias:0.2,Multiplicity:1.04
0.302	0.277	0.117	0.304
0.001	0.516	0.059	0.424
0.260	0.042	0.006	0.692
0.001	0.157	0.089	0.753
0.001	0.997	0.001	0.001
0.001	0.997	0.001	0.001
0.001	0.001	0.001	0.997
0.046	0.001	0.952	0.001
0.545	0.001	0.453	0.001
0.212	0.490	0.198	0.100
>GTACAGGATG	6-GTACAGGATG	7.524259	-329.630593	0	T:908.0(11.09%),B:3859.9(4.29%),P:1e-143	Tpos:102.3,Tstd:54.5,Bpos:98.6,Bstd:60.3,StrandBias:-0.1,Multiplicity:1.01
0.089	0.065	0.785	0.061
0.095	0.103	0.145	0.657
0.687	0.075	0.143	0.095
0.026	0.900	0.056	0.018
0.851	0.060	0.055	0.034
0.038	0.100	0.827	0.035
0.068	0.030	0.824	0.078
0.907	0.013	0.038	0.042
0.137	0.052	0.032	0.779
0.123	0.017	0.790	0.070
>NCCATTGTTY	7-NCCATTGTTY	7.208744	-323.233026	0	T:1126.0(13.75%),B:5451.8(6.06%),P:1e-140	Tpos:99.0,Tstd:53.4,Bpos:99.9,Bstd:61.8,StrandBias:-0.1,Multiplicity:1.09
0.238	0.296	0.273	0.193
0.018	0.603	0.283	0.096
0.076	0.603	0.001	0.320
0.864	0.001	0.001	0.134
0.001	0.008	0.001	0.990
0.001	0.001	0.001	0.997
0.001	0.001	0.997	0.001
0.001	0.001	0.001	0.997
0.001	0.259	0.214	0.526
0.066	0.385	0.055	0.494
>CTATTTTTAG	8-CTATTTTTAG	7.829441	-316.690901	0	T:478.0(5.84%),B:1310.3(1.46%),P:1e-137	Tpos:103.2,Tstd:56.5,Bpos:98.9,Bstd:58.6,StrandBias:0.0,Multiplicity:1.06
0.062	0.749	0.079	0.110
0.008	0.001	0.001	0.990
0.953	0.001	0.001	0.045
0.062	0.001	0.001	0.936
0.081	0.001	0.002	0.916
0.050	0.064	0.046	0.840
0.348	0.008	0.006	0.638
0.124	0.041	0.088	0.747
0.648	0.001	0.337	0.014
0.213	0.093	0.608	0.086
>NBTTCCGKTN	9-NBTTCCGKTN	5.801873	-246.487226	0	T:1052.0(12.85%),B:5569.9(6.19%),P:1e-107	Tpos:98.7,Tstd:49.7,Bpos:99.3,Bstd:61.0,StrandBias:0.0,Multiplicity:1.06
0.311	0.182	0.299	0.207
0.041	0.366	0.254	0.340
0.286	0.140	0.074	0.500
0.001	0.040	0.001	0.958
0.099	0.635	0.001	0.265
0.001	0.995	0.001	0.003
0.027	0.317	0.655	0.001
0.161	0.195	0.390	0.254
0.261	0.248	0.001	0.490
0.266	0.181	0.224	0.329
>AGGAMATCCB	10-AGGAMATCCB	7.281576	-242.689237	0	T:896.0(10.94%),B:4426.1(4.92%),P:1e-105	Tpos:101.5,Tstd:53.7,Bpos:99.2,Bstd:62.1,StrandBias:0.1,Multiplicity:1.03
0.625	0.001	0.149	0.225
0.001	0.101	0.897	0.001
0.001	0.329	0.608	0.062
0.997	0.001	0.001	0.001
0.323	0.453	0.001	0.223
0.798	0.001	0.076	0.125
0.078	0.001	0.075	0.846
0.001	0.891	0.001	0.107
0.001	0.997	0.001	0.001
0.001	0.293	0.422	0.284
>DGCCWGCCAR	11-DGCCWGCCAR	6.118737	-170.246622	0	T:3331.0(40.68%),B:27991.1(31.12%),P:1e-73	Tpos:102.8,Tstd:52.4,Bpos:99.8,Bstd:65.6,StrandBias:-0.0,Multiplicity:1.31
0.291	0.116	0.341	0.252
0.032	0.119	0.768	0.081
0.001	0.806	0.065	0.128
0.076	0.822	0.001	0.101
0.397	0.001	0.232	0.370
0.001	0.001	0.997	0.001
0.048	0.583	0.368	0.001
0.010	0.988	0.001	0.001
0.569	0.215	0.093	0.123
0.353	0.138	0.438	0.071
>CCGGATGTGW	12-CCGGATGTGW	7.733055	-148.466273	0	T:329.0(4.02%),B:1205.3(1.34%),P:1e-64	Tpos:96.2,Tstd:52.7,Bpos:100.8,Bstd:58.2,StrandBias:0.1,Multiplicity:1.01
0.147	0.801	0.001	0.051
0.142	0.813	0.044	0.001
0.001	0.038	0.960	0.001
0.019	0.001	0.937	0.043
0.635	0.001	0.001	0.363
0.001	0.001	0.001	0.997
0.334	0.114	0.551	0.001
0.149	0.001	0.090	0.760
0.001	0.217	0.492	0.289
0.370	0.113	0.069	0.448
>YGGAAACAGG	13-YGGAAACAGG	6.461507	-142.762191	0	T:866.0(10.58%),B:5217.7(5.80%),P:1e-62	Tpos:100.8,Tstd:55.1,Bpos:102.0,Bstd:62.4,StrandBias:0.2,Multiplicity:1.02
0.181	0.333	0.116	0.370
0.052	0.271	0.598	0.079
0.014	0.210	0.498	0.278
0.588	0.094	0.159	0.159
0.547	0.219	0.012	0.222
0.683	0.053	0.108	0.156
0.032	0.893	0.064	0.011
0.716	0.190	0.055	0.039
0.157	0.179	0.635	0.029
0.037	0.116	0.522	0.325
>TGASGTCATH	14-TGASGTCATH	6.412508	-140.081762	0	T:985.0(12.03%),B:6245.0(6.94%),P:1e-60	Tpos:101.1,Tstd:52.4,Bpos:99.0,Bstd:60.0,StrandBias:-0.0,Multiplicity:1.06
0.093	0.032	0.044	0.831
0.037	0.025	0.854	0.084
0.902	0.032	0.037	0.029
0.017	0.537	0.392	0.054
0.137	0.141	0.687	0.035
0.014	0.011	0.016	0.959
0.056	0.866	0.028	0.050
0.820	0.036	0.042	0.102
0.047	0.209	0.259	0.485
0.291	0.361	0.126	0.222
>RGCCCCACCC	15-RGCCCCACCC	7.810104	-115.882372	0	T:1345.0(16.43%),B:9824.2(10.92%),P:1e-50	Tpos:99.0,Tstd:53.7,Bpos:98.5,Bstd:57.1,StrandBias:-0.1,Multiplicity:1.15
0.346	0.182	0.286	0.186
0.162	0.179	0.575	0.084
0.079	0.798	0.001	0.122
0.001	0.627	0.001	0.371
0.226	0.741	0.001	0.032
0.001	0.972	0.026	0.001
0.997	0.001	0.001	0.001
0.001	0.927	0.071	0.001
0.001	0.997	0.001	0.001
0.001	0.997	0.001	0.001
>CCYCTAGTGG	16-CCYCTAGTGG	9.215260	-113.305616	0	T:319.0(3.90%),B:1355.0(1.51%),P:1e-49	Tpos:104.3,Tstd:40.0,Bpos:98.1,Bstd:58.7,StrandBias:-0.0,Multiplicity:1.01
0.001	0.997	0.001	0.001
0.226	0.687	0.086	0.001
0.001	0.486	0.001	0.512
0.001	0.997	0.001	0.001
0.037	0.001	0.001	0.961
0.725	0.022	0.140	0.113
0.001	0.310	0.579	0.110
0.119	0.001	0.001	0.879
0.001	0.001	0.971	0.027
0.001	0.044	0.954	0.001
>GGCCTGGCTG	17-GGCCTGGCTG	7.174244	-100.546941	0	T:1903.0(23.24%),B:15459.6(17.19%),P:1e-43	Tpos:99.4,Tstd:53.4,Bpos:100.1,Bstd:64.4,StrandBias:0.0,Multiplicity:1.10
0.001	0.131	0.847	0.021
0.001	0.343	0.604	0.052
0.006	0.831	0.001	0.162
0.001	0.668	0.046	0.285
0.242	0.001	0.087	0.670
0.011	0.079	0.653	0.257
0.124	0.229	0.621	0.026
0.062	0.873	0.064	0.001
0.001	0.001	0.001	0.997
0.001	0.086	0.730	0.183
>YCATAAATCA	18-YCATAAATCA	8.614692	-91.402832	0	T:168.0(2.05%),B:541.5(0.60%),P:1e-39	Tpos:106.9,Tstd:55.9,Bpos:96.3,Bstd:59.8,StrandBias:-0.2,Multiplicity:1.00
0.080	0.420	0.071	0.428
0.313	0.685	0.001	0.001
0.643	0.001	0.355	0.001
0.001	0.001	0.001	0.997
0.770	0.001	0.001	0.228
0.883	0.001	0.001	0.115
0.997	0.001	0.001	0.001
0.001	0.001	0.001	0.997
0.298	0.486	0.001	0.214
0.997	0.001	0.001	0.001
>ATTGTGTAAT	19-ATTGTGTAAT	6.657068	-83.809303	0	T:494.0(6.03%),B:2929.5(3.26%),P:1e-36	Tpos:97.4,Tstd:58.6,Bpos:102.3,Bstd:57.9,StrandBias:0.0,Multiplicity:1.04
0.798	0.079	0.046	0.077
0.063	0.079	0.045	0.813
0.043	0.013	0.063	0.881
0.096	0.041	0.815	0.048
0.050	0.048	0.121	0.781
0.075	0.072	0.792	0.061
0.087	0.094	0.049	0.770
0.804	0.080	0.035	0.081
0.742	0.102	0.050	0.106
0.056	0.065	0.072	0.807
>ATTGTTATCG	20-ATTGTTATCG	6.699324	-82.989247	0	T:350.0(4.27%),B:1818.5(2.02%),P:1e-36	Tpos:91.2,Tstd:58.0,Bpos:104.2,Bstd:58.5,StrandBias:-0.2,Multiplicity:1.01
0.789	0.064	0.061	0.086
0.055	0.059	0.065	0.821
0.074	0.058	0.013	0.855
0.080	0.076	0.788	0.056
0.037	0.052	0.053	0.858
0.041	0.082	0.052	0.825
0.685	0.118	0.059	0.138
0.034	0.105	0.055	0.806
0.049	0.838	0.042	0.071
0.072	0.077	0.742	0.109
>TAGGGGGCGC	21-TAGGGGGCGC	6.837832	-79.575788	0	T:127.0(1.55%),B:367.4(0.41%),P:1e-34	Tpos:103.3,Tstd:37.9,Bpos:99.1,Bstd:56.3,StrandBias:0.2,Multiplicity:1.02
0.020	0.017	0.001	0.962
0.997	0.001	0.001	0.001
0.001	0.001	0.997	0.001
0.013	0.001	0.985	0.001
0.001	0.001	0.922	0.076
0.001	0.001	0.997	0.001
0.001	0.001	0.997	0.001
0.001	0.997	0.001	0.001
0.001	0.001	0.997	0.001
0.001	0.997	0.001	0.001
>CGGTGACCTT	22-CGGTGACCTT	8.135072	-76.068594	0	T:318.0(3.88%),B:1646.8(1.83%),P:1e-33	Tpos:98.4,Tstd:54.3,Bpos:101.1,Bstd:61.3,StrandBias:-0.1,Multiplicity:1.01
0.101	0.667	0.103	0.129
0.108	0.032	0.738	0.122
0.044	0.262	0.649	0.045
0.001	0.001	0.001	0.997
0.321	0.001	0.677	0.001
0.856	0.001	0.054	0.089
0.001	0.925	0.043	0.031
0.001	0.937	0.001	0.061
0.116	0.001	0.068	0.815
0.001	0.001	0.001	0.997
>AGCTGGCCGG	23-AGCTGGCCGG	6.603379	-56.057415	0	T:1304.0(15.93%),B:10853.0(12.07%),P:1e-24	Tpos:97.8,Tstd:53.6,Bpos:100.7,Bstd:63.5,StrandBias:0.0,Multiplicity:1.08
0.911	0.033	0.012	0.044
0.161	0.038	0.738	0.063
0.064	0.834	0.011	0.091
0.108	0.310	0.007	0.575
0.038	0.047	0.882	0.033
0.067	0.167	0.745	0.021
0.024	0.744	0.084	0.148
0.104	0.566	0.136	0.194
0.018	0.108	0.690	0.184
0.013	0.022	0.752	0.213
>CGYTTCMCTT	24-CGYTTCMCTT	8.082873	-43.792846	0	T:187.0(2.28%),B:983.6(1.09%),P:1e-19	Tpos:105.7,Tstd:51.5,Bpos:97.6,Bstd:62.9,StrandBias:-0.1,Multiplicity:1.01
0.337	0.491	0.171	0.001
0.048	0.001	0.950	0.001
0.055	0.490	0.001	0.454
0.088	0.001	0.111	0.800
0.338	0.001	0.172	0.489
0.001	0.916	0.082	0.001
0.556	0.442	0.001	0.001
0.001	0.567	0.276	0.156
0.001	0.001	0.277	0.721
0.192	0.101	0.104	0.603
>TGACGTCACT	25-TGACGTCACT	7.406895	-33.952422	0	T:225.0(2.75%),B:1397.3(1.55%),P:1e-14	Tpos:92.1,Tstd:53.8,Bpos:98.6,Bstd:57.8,StrandBias:0.3,Multiplicity:1.01
0.036	0.148	0.075	0.741
0.056	0.046	0.807	0.091
0.789	0.046	0.097	0.068
0.072	0.787	0.044	0.097
0.098	0.059	0.788	0.055
0.109	0.067	0.087	0.737
0.042	0.821	0.096	0.041
0.864	0.063	0.041	0.032
0.096	0.841	0.062	0.001
0.053	0.043	0.028	0.876
>NNNACAGGAAGT	1-NNNACAGGAAGT	7.447819	-2273.613285	0	T:4174.0(50.98%),B:16246.0(18.06%),P:1e-987	Tpos:101.5,Tstd:48.9,Bpos:99.3,Bstd:64.6,StrandBias:0.0,Multiplicity:1.37
0.265	0.253	0.288	0.194
0.283	0.226	0.289	0.203
0.304	0.211	0.315	0.170
0.465	0.088	0.297	0.149
0.199	0.541	0.224	0.036
0.922	0.004	0.065	0.009
0.001	0.001	0.997	0.001
0.005	0.001	0.993	0.001
0.997	0.001	0.001	0.001
0.799	0.009	0.001	0.191
0.317	0.080	0.594	0.009
0.108	0.261	0.174	0.457
>NBWTCCKGTBHN	2-NBWTCCKGTBHN	7.055421	-1220.157261	0	T:3257.0(39.78%),B:15096.0(16.78%),P:1e-529	Tpos:98.1,Tstd:51.6,Bpos:99.1,Bstd:61.9,StrandBias:-0.0,Multiplicity:1.09
0.247	0.255	0.256	0.241
0.160	0.329	0.221	0.291
0.450	0.001	0.001	0.548
0.001	0.001	0.001	0.997
0.001	0.997	0.001	0.001
0.001	0.997	0.001	0.001
0.006	0.234	0.321	0.439
0.001	0.001	0.997	0.001
0.001	0.376	0.001	0.622
0.001	0.365	0.327	0.307
0.299	0.226	0.129	0.347
0.236	0.268	0.288	0.209
>VTGACTCABNNN	3-VTGACTCABNNN	8.824988	-503.566584	0	T:687.0(8.39%),B:1732.9(1.93%),P:1e-218	Tpos:100.7,Tstd:46.8,Bpos:99.8,Bstd:61.9,StrandBias:-0.0,Multiplicity:1.05
0.325	0.230	0.294	0.150
0.028	0.001	0.015	0.956
0.001	0.001	0.961	0.037
0.891	0.001	0.001	0.107
0.124	0.506	0.343	0.027
0.001	0.001	0.001	0.997
0.001	0.997	0.001	0.001
0.997	0.001	0.001	0.001
0.020	0.296	0.293	0.392
0.271	0.263	0.212	0.254
0.213	0.259	0.291	0.237
0.219	0.263	0.243	0.276
>KCTATTTTTAGH	4-KCTATTTTTAGH	8.069945	-345.977573	0	T:478.0(5.84%),B:1210.9(1.35%),P:1e-150	Tpos:101.6,Tstd:56.8,Bpos:100.1,Bstd:59.5,StrandBias:-0.0,Multiplicity:1.06
0.121	0.102	0.408	0.370
0.055	0.660	0.075	0.210
0.001	0.014	0.001	0.984
0.865	0.005	0.075	0.055
0.036	0.001	0.001	0.962
0.054	0.014	0.001	0.931
0.029	0.054	0.052	0.865
0.322	0.016	0.020	0.642
0.114	0.029	0.089	0.768
0.710	0.001	0.276	0.013
0.232	0.081	0.622	0.065
0.288	0.350	0.154	0.208
>SAGAGGAAGTBD	5-SAGAGGAAGTBD	8.921076	-309.715809	0	T:571.0(6.97%),B:1845.2(2.05%),P:1e-134	Tpos:92.4,Tstd:51.5,Bpos:104.8,Bstd:58.9,StrandBias:0.2,Multiplicity:1.00
0.068	0.463	0.361	0.109
0.538	0.114	0.267	0.081
0.009	0.009	0.954	0.028
0.822	0.106	0.001	0.071
0.001	0.122	0.868	0.009
0.001	0.001	0.899	0.099
0.997	0.001	0.001	0.001
0.668	0.134	0.001	0.197
0.009	0.038	0.944	0.009
0.001	0.186	0.001	0.812
0.009	0.239	0.365	0.387
0.375	0.153	0.228	0.243
>GCACTTCCTGGA	6-GCACTTCCTGGA	5.711638	-296.457277	0	T:2496.0(30.48%),B:17347.6(19.29%),P:1e-128	Tpos:99.9,Tstd:54.0,Bpos:99.9,Bstd:63.0,StrandBias:-0.0,Multiplicity:1.14
0.097	0.045	0.810	0.048
0.064	0.771	0.113	0.052
0.749	0.082	0.098	0.071
0.053	0.728	0.051	0.168
0.080	0.025	0.019	0.876
0.033	0.036	0.045	0.886
0.029	0.870	0.066	0.035
0.010	0.932	0.028	0.030
0.091	0.034	0.021	0.854
0.062	0.014	0.849	0.075
0.063	0.041	0.857	0.039
0.824	0.045	0.077	0.054
>NNCCATTGTTYY	7-NNCCATTGTTYY	6.579890	-272.641861	0	T:784.0(9.57%),B:3399.5(3.78%),P:1e-118	Tpos:98.2,Tstd:52.3,Bpos:99.5,Bstd:59.1,StrandBias:-0.1,Multiplicity:1.06
0.226	0.232	0.345	0.197
0.212	0.317	0.222	0.248
0.001	0.849	0.109	0.041
0.021	0.651	0.001	0.327
0.997	0.001	0.001	0.001
0.001	0.001	0.001	0.997
0.001	0.001	0.001	0.997
0.001	0.001	0.997	0.001
0.001	0.017	0.001	0.981
0.115	0.320	0.001	0.564
0.157	0.358	0.069	0.415
0.163	0.311	0.150	0.377
>GGCHSNVTGCCA	8-GGCHSNVTGCCA	8.271611	-258.353369	0	T:1024.0(12.51%),B:5245.6(5.83%),P:1e-112	Tpos:98.4,Tstd:50.2,Bpos:99.4,Bstd:64.2,StrandBias:-0.0,Multiplicity:1.07
0.001	0.001	0.997	0.001
0.001	0.039	0.959	0.001
0.330	0.552	0.117	0.001
0.351	0.255	0.077	0.317
0.151	0.354	0.313	0.182
0.241	0.306	0.268	0.184
0.205	0.336	0.305	0.154
0.261	0.001	0.236	0.502
0.001	0.001	0.959	0.039
0.001	0.997	0.001	0.001
0.001	0.997	0.001	0.001
0.580	0.288	0.001	0.131
>YWAAGGAAACAG	9-YWAAGGAAACAG	9.669926	-238.491414	0	T:435.0(5.31%),B:1389.8(1.55%),P:1e-103	Tpos:95.5,Tstd:54.9,Bpos:103.5,Bstd:64.9,StrandBias:-0.0,Multiplicity:1.02
0.217	0.376	0.159	0.248
0.369	0.110	0.145	0.376
0.648	0.212	0.129	0.011
0.910	0.001	0.088	0.001
0.029	0.001	0.969	0.001
0.005	0.001	0.993	0.001
0.895	0.035	0.069	0.001
0.884	0.083	0.001	0.032
0.997	0.001	0.001	0.001
0.049	0.905	0.014	0.032
0.848	0.001	0.001	0.150
0.114	0.199	0.481	0.207
>DRGGAMATGCYN	10-DRGGAMATGCYN	7.219328	-235.056416	0	T:1059.0(12.93%),B:5735.7(6.38%),P:1e-102	Tpos:96.5,Tstd:54.4,Bpos:100.0,Bstd:60.9,StrandBias:-0.2,Multiplicity:1.03
0.206	0.132	0.326	0.336
0.294	0.120	0.397	0.189
0.001	0.001	0.714	0.284
0.001	0.001	0.997	0.001
0.835	0.002	0.001	0.162
0.529	0.469	0.001	0.001
0.946	0.052	0.001	0.001
0.008	0.207	0.029	0.756
0.001	0.089	0.547	0.363
0.279	0.677	0.012	0.032
0.192	0.395	0.054	0.359
0.251	0.236	0.217	0.295
>GCCCCCTAGTGG	11-GCCCCCTAGTGG	9.524497	-227.853632	0	T:343.0(4.19%),B:935.7(1.04%),P:1e-98	Tpos:104.3,Tstd:34.9,Bpos:97.8,Bstd:58.6,StrandBias:0.3,Multiplicity:1.01
0.080	0.001	0.805	0.114
0.122	0.770	0.042	0.066
0.001	0.976	0.001	0.022
0.330	0.668	0.001	0.001
0.001	0.633	0.001	0.365
0.001	0.997	0.001	0.001
0.146	0.057	0.030	0.767
0.608	0.090	0.236	0.066
0.059	0.201	0.693	0.047
0.051	0.139	0.001	0.809
0.001	0.001	0.997	0.001
0.045	0.022	0.910	0.023
>TCATTTCCTHAG	12-TCATTTCCTHAG	8.944995	-217.498461	0	T:304.0(3.71%),B:775.3(0.86%),P:1e-94	Tpos:107.5,Tstd:54.6,Bpos:98.7,Bstd:64.0,StrandBias:0.2,Multiplicity:1.01
0.205	0.162	0.182	0.452
0.042	0.675	0.035	0.248
0.740	0.178	0.044	0.038
0.016	0.272	0.215	0.498
0.041	0.046	0.128	0.785
0.024	0.045	0.043	0.888
0.035	0.781	0.139	0.045
0.024	0.934	0.011	0.031
0.050	0.060	0.035	0.855
0.276	0.326	0.075	0.323
0.471	0.184	0.154	0.191
0.205	0.223	0.373	0.198
>NARDGGGAAGTG	13-NARDGGGAAGTG	8.273071	-184.951072	0	T:854.0(10.43%),B:4645.8(5.17%),P:1e-80	Tpos:102.3,Tstd:53.8,Bpos:100.2,Bstd:62.3,StrandBias:-0.1,Multiplicity:1.06
0.286	0.244	0.264	0.206
0.408	0.163	0.243	0.187
0.483	0.097	0.350	0.070
0.313	0.089	0.317	0.281
0.001	0.001	0.997	0.001
0.001	0.001	0.997	0.001
0.001	0.001	0.997	0.001
0.997	0.001	0.001	0.001
0.900	0.001	0.065	0.034
0.285	0.151	0.563	0.001
0.001	0.330	0.074	0.595
0.199	0.182	0.387	0.232
>CWGTTCCTTCCT	14-CWGTTCCTTCCT	10.285820	-168.226220	0	T:307.0(3.75%),B:979.7(1.09%),P:1e-73	Tpos:99.7,Tstd:54.4,Bpos:100.7,Bstd:63.6,StrandBias:0.6,Multiplicity:1.00
0.263	0.688	0.039	0.010
0.440	0.052	0.079	0.428
0.036	0.360	0.553	0.051
0.017	0.010	0.003	0.970
0.021	0.001	0.001	0.977
0.050	0.941	0.001	0.008
0.100	0.868	0.001	0.031
0.084	0.001	0.012	0.903
0.296	0.001	0.001	0.702
0.017	0.950	0.013	0.020
0.062	0.612	0.001	0.325
0.089	0.332	0.017	0.562
>AYTTCCTCTCTG	15-AYTTCCTCTCTG	9.052876	-146.839314	0	T:484.0(5.91%),B:2239.6(2.49%),P:1e-63	Tpos:97.8,Tstd:52.8,Bpos:99.9,Bstd:63.2,StrandBias:-0.0,Multiplicity:1.01
0.630	0.051	0.174	0.145
0.115	0.394	0.210	0.281
0.084	0.015	0.001	0.900
0.001	0.001	0.096	0.902
0.001	0.881	0.117	0.001
0.033	0.965	0.001	0.001
0.042	0.219	0.036	0.703
0.143	0.733	0.001	0.123
0.114	0.001	0.146	0.739
0.001	0.678	0.258	0.063
0.107	0.001	0.022	0.870
0.001	0.001	0.997	0.001
>CAGGAAATCCTG	16-CAGGAAATCCTG	8.767217	-111.133483	0	T:431.0(5.26%),B:2157.0(2.40%),P:1e-48	Tpos:105.9,Tstd:53.6,Bpos:98.8,Bstd:65.3,StrandBias:0.1,Multiplicity:1.00
0.028	0.925	0.033	0.014
0.819	0.014	0.028	0.139
0.151	0.022	0.772	0.055
0.108	0.230	0.448	0.214
0.771	0.196	0.019	0.014
0.681	0.291	0.014	0.014
0.889	0.086	0.024	0.001
0.068	0.042	0.293	0.597
0.093	0.888	0.018	0.001
0.147	0.758	0.028	0.067
0.151	0.001	0.028	0.820
0.028	0.042	0.878	0.052
>MGGCCCCACCCA	17-MGGCCCCACCCA	9.553878	-108.289112	0	T:618.0(7.55%),B:3627.8(4.03%),P:1e-47	Tpos:96.6,Tstd:51.3,Bpos:97.7,Bstd:57.4,StrandBias:-0.2,Multiplicity:1.04
0.278	0.363	0.210	0.149
0.182	0.068	0.574	0.176
0.062	0.178	0.481	0.280
0.001	0.997	0.001	0.001
0.001	0.702	0.001	0.296
0.343	0.655	0.001	0.001
0.001	0.997	0.001	0.001
0.857	0.001	0.002	0.140
0.001	0.892	0.106	0.001
0.001	0.997	0.001	0.001
0.001	0.997	0.001	0.001
0.488	0.222	0.021	0.269
>CCTTCCTGTCTC	18-CCTTCCTGTCTC	9.764245	-71.674811	0	T:270.0(3.30%),B:1334.3(1.48%),P:1e-31	Tpos:105.8,Tstd:52.2,Bpos:99.7,Bstd:60.0,StrandBias:0.0,Multiplicity:1.01
0.082	0.829	0.064	0.025
0.023	0.975	0.001	0.001
0.093	0.060	0.063	0.784
0.001	0.059	0.060	0.880
0.089	0.776	0.107	0.028
0.065	0.756	0.065	0.114
0.108	0.067	0.050	0.775
0.099	0.030	0.805	0.066
0.069	0.077	0.128	0.726
0.001	0.929	0.014	0.056
0.063	0.046	0.056	0.835
0.023	0.929	0.047	0.001
>CTGGCCAGGCCA	19-CTGGCCAGGCCA	8.985538	-64.091569	0	T:349.0(4.26%),B:2011.9(2.24%),P:1e-27	Tpos:100.8,Tstd:51.7,Bpos:98.3,Bstd:63.5,StrandBias:0.1,Multiplicity:1.02
0.053	0.728	0.199	0.020
0.222	0.003	0.155	0.620
0.158	0.015	0.826	0.001
0.156	0.026	0.773	0.045
0.006	0.867	0.104	0.023
0.045	0.827	0.024	0.104
0.710	0.040	0.036	0.214
0.176	0.001	0.793	0.030
0.105	0.021	0.873	0.001
0.076	0.845	0.043	0.036
0.001	0.840	0.017	0.142
0.776	0.176	0.009	0.039
>CTTCCTCTTCTG	20-CTTCCTCTTCTG	9.446463	-61.378529	0	T:330.0(4.03%),B:1893.3(2.10%),P:1e-26	Tpos:99.8,Tstd:54.1,Bpos:98.0,Bstd:61.9,StrandBias:0.2,Multiplicity:1.01
0.062	0.820	0.061	0.057
0.064	0.091	0.047	0.798
0.079	0.061	0.051	0.809
0.004	0.894	0.039	0.063
0.005	0.948	0.026	0.021
0.067	0.056	0.083	0.794
0.089	0.840	0.024	0.047
0.093	0.067	0.085	0.755
0.080	0.030	0.084	0.806
0.087	0.801	0.053	0.059
0.095	0.001	0.013	0.891
0.042	0.058	0.844	0.056
>GAGAGGAAGCTG	21-GAGAGGAAGCTG	11.525241	-59.837859	0	T:140.0(1.71%),B:536.6(0.60%),P:1e-25	Tpos:94.9,Tstd:55.4,Bpos:99.7,Bstd:65.7,StrandBias:-0.1,Multiplicity:1.01
0.001	0.256	0.542	0.201
0.539	0.068	0.258	0.135
0.001	0.189	0.809	0.001
0.997	0.001	0.001	0.001
0.001	0.001	0.997	0.001
0.001	0.311	0.687	0.001
0.704	0.238	0.057	0.001
0.967	0.031	0.001	0.001
0.001	0.001	0.733	0.265
0.001	0.997	0.001	0.001
0.067	0.001	0.001	0.931
0.001	0.001	0.997	0.001
>WSTTCCTCTCKY	22-WSTTCCTCTCKY	11.105270	-26.639454	0	T:56.0(0.68%),B:206.8(0.23%),P:1e-11	Tpos:95.9,Tstd:43.1,Bpos:107.5,Bstd:59.3,StrandBias:-0.9,Multiplicity:1.00
0.500	0.005	0.001	0.494
0.079	0.394	0.526	0.001
0.001	0.001	0.078	0.920
0.078	0.001	0.001	0.920
0.079	0.906	0.005	0.010
0.078	0.837	0.001	0.084
0.158	0.236	0.180	0.427
0.001	0.997	0.001	0.001
0.001	0.005	0.078	0.916
0.001	0.584	0.078	0.337
0.079	0.001	0.511	0.409
0.001	0.437	0.001	0.561
>ATTAVGACGGCW	23-ATTAVGACGGCW	11.870632	-24.396679	0	T:8.0(0.10%),B:2.9(0.00%),P:1e-10	Tpos:79.5,Tstd:47.8,Bpos:92.9,Bstd:51.3,StrandBias:0.0,Multiplicity:1.00
0.853	0.001	0.001	0.145
0.001	0.269	0.001	0.729
0.001	0.001	0.001	0.997
0.997	0.001	0.001	0.001
0.292	0.427	0.281	0.001
0.134	0.001	0.731	0.134
0.719	0.146	0.001	0.134
0.001	0.864	0.134	0.001
0.001	0.001	0.997	0.001
0.001	0.010	0.988	0.001
0.001	0.997	0.001	0.001
0.572	0.001	0.001	0.426
>CTGGAGGTCAGG	24-CTGGAGGTCAGG	12.355432	-21.652614	0	T:10.0(0.12%),B:6.6(0.01%),P:1e-9	Tpos:91.1,Tstd:57.2,Bpos:106.2,Bstd:33.9,StrandBias:0.3,Multiplicity:1.00
0.100	0.700	0.100	0.100
0.100	0.100	0.100	0.700
0.100	0.100	0.700	0.100
0.100	0.100	0.700	0.100
0.700	0.100	0.100	0.100
0.100	0.100	0.700	0.100
0.100	0.100	0.700	0.100
0.100	0.100	0.100	0.700
0.100	0.700	0.100	0.100
0.700	0.100	0.100	0.100
0.100	0.100	0.700	0.100
0.100	0.100	0.700	0.100
>TTTCCTCTVTCT	25-TTTCCTCTVTCT	13.894158	-9.387324	0	T:7.0(0.09%),B:11.0(0.01%),P:1e-4	Tpos:112.1,Tstd:49.2,Bpos:25.4,Bstd:42.0,StrandBias:-0.4,Multiplicity:1.00
0.001	0.001	0.001	0.997
0.001	0.001	0.001	0.997
0.001	0.001	0.001	0.997
0.001	0.591	0.407	0.001
0.001	0.997	0.001	0.001
0.001	0.001	0.001	0.997
0.001	0.682	0.001	0.316
0.409	0.001	0.001	0.589
0.404	0.269	0.326	0.001
0.001	0.001	0.001	0.997
0.001	0.997	0.001	0.001
0.001	0.001	0.001	0.997
>CAGGAAGT	1-CAGGAAGT	6.444842	-2055.201667	0	T:4886.0(59.67%),B:23411.6(26.03%),P:1e-892	Tpos:101.4,Tstd:50.2,Bpos:99.8,Bstd:65.9,StrandBias:0.0,Multiplicity:1.51
0.091	0.771	0.118	0.020
0.994	0.001	0.004	0.001
0.001	0.001	0.997	0.001
0.001	0.001	0.997	0.001
0.997	0.001	0.001	0.001
0.918	0.001	0.001	0.080
0.163	0.019	0.817	0.001
0.062	0.147	0.141	0.650
>HACWTCCK	2-HACWTCCK	5.654503	-1345.742692	0	T:4902.0(59.87%),B:28752.7(31.97%),P:1e-584	Tpos:101.4,Tstd:53.8,Bpos:99.0,Bstd:61.4,StrandBias:0.0,Multiplicity:1.19
0.367	0.254	0.136	0.243
0.676	0.055	0.233	0.036
0.001	0.725	0.001	0.273
0.516	0.071	0.001	0.412
0.025	0.001	0.001	0.973
0.001	0.997	0.001	0.001
0.001	0.997	0.001	0.001
0.001	0.195	0.476	0.328
>CTTCCTGT	3-CTTCCTGT	6.588842	-1227.288516	0	T:3586.0(43.80%),B:17720.9(19.70%),P:1e-533	Tpos:98.9,Tstd:53.3,Bpos:99.5,Bstd:63.1,StrandBias:-0.0,Multiplicity:1.09
0.001	0.612	0.012	0.375
0.328	0.001	0.185	0.486
0.001	0.001	0.001	0.997
0.001	0.997	0.001	0.001
0.001	0.997	0.001	0.001
0.001	0.138	0.304	0.557
0.001	0.276	0.722	0.001
0.001	0.010	0.001	0.988
>AGGAAAYG	4-AGGAAAYG	6.672812	-974.350073	0	T:2328.0(28.43%),B:9672.0(10.75%),P:1e-423	Tpos:101.1,Tstd:54.3,Bpos:99.2,Bstd:64.2,StrandBias:-0.0,Multiplicity:1.11
0.622	0.213	0.098	0.067
0.004	0.015	0.940	0.041
0.028	0.004	0.881	0.087
0.918	0.016	0.024	0.042
0.845	0.032	0.013	0.110
0.807	0.107	0.073	0.013
0.048	0.408	0.045	0.499
0.277	0.104	0.582	0.037
>TGACTCAT	5-TGACTCAT	6.788660	-533.529871	0	T:1015.0(12.40%),B:3414.0(3.80%),P:1e-231	Tpos:100.8,Tstd:48.7,Bpos:100.0,Bstd:63.0,StrandBias:-0.0,Multiplicity:1.07
0.001	0.003	0.001	0.995
0.001	0.001	0.985	0.013
0.997	0.001	0.001	0.001
0.022	0.660	0.274	0.044
0.001	0.001	0.014	0.984
0.045	0.953	0.001	0.001
0.994	0.001	0.004	0.001
0.013	0.176	0.135	0.676
>GCAGGAAG	6-GCAGGAAG	8.522687	-472.060258	0	T:1980.0(24.18%),B:10740.2(11.94%),P:1e-205	Tpos:101.0,Tstd:54.3,Bpos:99.5,Bstd:65.6,StrandBias:-0.0,Multiplicity:1.07
0.216	0.001	0.782	0.001
0.252	0.746	0.001	0.001
0.990	0.008	0.001	0.001
0.001	0.001	0.997	0.001
0.001	0.001	0.997	0.001
0.619	0.001	0.379	0.001
0.641	0.001	0.001	0.357
0.001	0.001	0.997	0.001
>MMGGAAAV	7-MMGGAAAV	6.189857	-450.592346	0	T:1296.0(15.83%),B:5723.5(6.36%),P:1e-195	Tpos:100.4,Tstd:54.7,Bpos:101.2,Bstd:65.1,StrandBias:-0.2,Multiplicity:1.05
0.401	0.480	0.040	0.079
0.429	0.540	0.030	0.001
0.070	0.001	0.928	0.001
0.264	0.001	0.560	0.175
0.588	0.110	0.001	0.301
0.585	0.158	0.001	0.256
0.836	0.118	0.004	0.042
0.266	0.343	0.230	0.161
>CAGGAAMT	8-CAGGAAMT	7.538686	-378.663770	0	T:838.0(10.23%),B:3108.9(3.46%),P:1e-164	Tpos:101.4,Tstd:55.5,Bpos:98.9,Bstd:64.5,StrandBias:-0.2,Multiplicity:1.01
0.072	0.879	0.004	0.045
0.624	0.108	0.160	0.108
0.001	0.060	0.882	0.057
0.001	0.001	0.789	0.209
0.821	0.126	0.052	0.001
0.812	0.057	0.001	0.130
0.527	0.389	0.045	0.039
0.001	0.028	0.137	0.834
>AACAATAG	9-AACAATAG	6.099299	-307.829586	0	T:1204.0(14.70%),B:6166.5(6.86%),P:1e-133	Tpos:99.4,Tstd:57.1,Bpos:98.8,Bstd:60.7,StrandBias:0.1,Multiplicity:1.10
0.887	0.017	0.075	0.021
0.997	0.001	0.001	0.001
0.209	0.730	0.026	0.035
0.997	0.001	0.001	0.001
0.997	0.001	0.001	0.001
0.001	0.016	0.001	0.982
0.711	0.013	0.248	0.028
0.053	0.066	0.880	0.001
>TGACTAAC	10-TGACTAAC	6.349909	-281.658144	0	T:1208.0(14.75%),B:6439.8(7.16%),P:1e-122	Tpos:97.3,Tstd:55.3,Bpos:98.2,Bstd:60.0,StrandBias:-0.1,Multiplicity:1.05
0.001	0.054	0.038	0.907
0.017	0.001	0.923	0.059
0.980	0.018	0.001	0.001
0.177	0.388	0.197	0.238
0.033	0.043	0.139	0.785
0.672	0.196	0.001	0.131
0.781	0.001	0.217	0.001
0.071	0.582	0.146	0.201
>YATTGTGC	11-YATTGTGC	4.248676	-269.262634	0	T:1128.0(13.78%),B:5938.6(6.60%),P:1e-116	Tpos:96.7,Tstd:55.3,Bpos:102.3,Bstd:61.3,StrandBias:-0.2,Multiplicity:1.06
0.001	0.557	0.001	0.441
0.997	0.001	0.001	0.001
0.001	0.001	0.001	0.997
0.001	0.001	0.001	0.997
0.001	0.001	0.997	0.001
0.001	0.001	0.001	0.997
0.001	0.164	0.824	0.011
0.304	0.518	0.001	0.177
>GGATTTCC	12-GGATTTCC	8.105229	-179.039173	0	T:468.0(5.72%),B:1905.0(2.12%),P:1e-77	Tpos:106.4,Tstd:53.5,Bpos:99.2,Bstd:63.9,StrandBias:0.1,Multiplicity:1.01
0.001	0.001	0.997	0.001
0.001	0.090	0.908	0.001
0.997	0.001	0.001	0.001
0.233	0.001	0.001	0.765
0.089	0.001	0.001	0.909
0.001	0.001	0.001	0.997
0.001	0.997	0.001	0.001
0.001	0.917	0.081	0.001
>TCTTGGCA	13-TCTTGGCA	6.653482	-176.063160	0	T:1344.0(16.41%),B:8808.2(9.79%),P:1e-76	Tpos:98.6,Tstd:54.1,Bpos:100.1,Bstd:62.7,StrandBias:-0.1,Multiplicity:1.08
0.205	0.127	0.001	0.667
0.023	0.833	0.001	0.143
0.001	0.001	0.001	0.997
0.001	0.001	0.001	0.997
0.001	0.001	0.997	0.001
0.001	0.001	0.997	0.001
0.001	0.997	0.001	0.001
0.783	0.001	0.001	0.215
>HRAGGTCA	14-HRAGGTCA	8.172632	-166.893503	0	T:1002.0(12.24%),B:6034.3(6.71%),P:1e-72	Tpos:99.6,Tstd:54.0,Bpos:98.3,Bstd:60.6,StrandBias:0.1,Multiplicity:1.05
0.309	0.223	0.128	0.340
0.430	0.001	0.568	0.001
0.997	0.001	0.001	0.001
0.001	0.001	0.997	0.001
0.001	0.001	0.997	0.001
0.001	0.001	0.001	0.997
0.001	0.997	0.001	0.001
0.997	0.001	0.001	0.001
>GACGTCAT	15-GACGTCAT	5.700790	-148.761659	0	T:1274.0(15.56%),B:8611.9(9.57%),P:1e-64	Tpos:103.0,Tstd:55.5,Bpos:96.8,Bstd:58.9,StrandBias:0.0,Multiplicity:1.03
0.118	0.103	0.621	0.158
0.857	0.034	0.064	0.045
0.082	0.519	0.264	0.135
0.138	0.001	0.851	0.010
0.061	0.024	0.024	0.891
0.106	0.738	0.070	0.086
0.860	0.058	0.012	0.070
0.097	0.132	0.101	0.670
>CATAAATM	16-CATAAATM	7.751986	-114.097153	0	T:306.0(3.74%),B:1263.4(1.40%),P:1e-49	Tpos:100.1,Tstd:60.0,Bpos:98.5,Bstd:58.6,StrandBias:0.0,Multiplicity:1.03
0.005	0.623	0.049	0.323
0.828	0.088	0.032	0.052
0.149	0.001	0.001	0.849
0.636	0.001	0.001	0.362
0.997	0.001	0.001	0.001
0.997	0.001	0.001	0.001
0.001	0.115	0.001	0.883
0.492	0.506	0.001	0.001
>CCACACCC	17-CCACACCC	5.662022	-112.332008	0	T:1504.0(18.37%),B:11368.4(12.64%),P:1e-48	Tpos:101.2,Tstd:54.4,Bpos:98.9,Bstd:57.1,StrandBias:-0.1,Multiplicity:1.17
0.001	0.660	0.001	0.338
0.001	0.960	0.001	0.038
0.651	0.347	0.001	0.001
0.001	0.997	0.001	0.001
0.997	0.001	0.001	0.001
0.001	0.997	0.001	0.001
0.001	0.997	0.001	0.001
0.001	0.997	0.001	0.001
>GCCWGGCW	18-GCCWGGCW	3.081845	-109.050368	0	T:4904.0(59.89%),B:46683.4(51.90%),P:1e-47	Tpos:101.1,Tstd:53.1,Bpos:100.1,Bstd:64.6,StrandBias:-0.0,Multiplicity:1.63
0.001	0.001	0.997	0.001
0.001	0.943	0.001	0.055
0.001	0.876	0.001	0.122
0.524	0.001	0.097	0.378
0.001	0.001	0.997	0.001
0.162	0.206	0.631	0.001
0.001	0.997	0.001	0.001
0.366	0.146	0.128	0.360
>CAGGGTCA	19-CAGGGTCA	7.873587	-86.508122	0	T:664.0(8.11%),B:4299.0(4.78%),P:1e-37	Tpos:95.3,Tstd:52.4,Bpos:99.7,Bstd:58.8,StrandBias:-0.2,Multiplicity:1.03
0.188	0.810	0.001	0.001
0.661	0.095	0.080	0.164
0.001	0.001	0.997	0.001
0.001	0.001	0.997	0.001
0.001	0.001	0.997	0.001
0.001	0.001	0.001	0.997
0.076	0.922	0.001	0.001
0.997	0.001	0.001	0.001
>CTTATCAG	20-CTTATCAG	6.784669	-78.655806	0	T:372.0(4.54%),B:2028.1(2.25%),P:1e-34	Tpos:105.8,Tstd:56.6,Bpos:98.9,Bstd:58.6,StrandBias:-0.1,Multiplicity:1.02
0.001	0.997	0.001	0.001
0.001	0.001	0.029	0.969
0.001	0.001	0.001	0.997
0.997	0.001	0.001	0.001
0.001	0.001	0.001	0.997
0.001	0.997	0.001	0.001
0.698	0.066	0.045	0.191
0.074	0.132	0.793	0.001
>CCTTTGTT	21-CCTTTGTT	8.363817	-77.941750	0	T:688.0(8.40%),B:4639.6(5.16%),P:1e-33	Tpos:99.4,Tstd:56.8,Bpos:100.3,Bstd:63.0,StrandBias:-0.1,Multiplicity:1.06
0.001	0.617	0.255	0.127
0.001	0.997	0.001	0.001
0.001	0.001	0.001	0.997
0.001	0.001	0.001	0.997
0.001	0.001	0.001	0.997
0.001	0.001	0.997	0.001
0.001	0.001	0.001	0.997
0.001	0.196	0.108	0.695
>AAGGCCAG	22-AAGGCCAG	8.258365	-59.146235	0	T:635.0(7.76%),B:4505.2(5.01%),P:1e-25	Tpos:95.3,Tstd:56.3,Bpos:99.4,Bstd:64.4,StrandBias:-0.2,Multiplicity:1.02
0.997	0.001	0.001	0.001
0.997	0.001	0.001	0.001
0.001	0.109	0.889	0.001
0.001	0.001	0.997	0.001
0.001	0.912	0.001	0.086
0.001	0.997	0.001	0.001
0.997	0.001	0.001	0.001
0.001	0.216	0.782	0.001
>CWWAATAG	23-CWWAATAG	6.909650	-47.245242	0	T:190.0(2.32%),B:973.0(1.08%),P:1e-20	Tpos:88.1,Tstd:54.5,Bpos:97.8,Bstd:57.1,StrandBias:-0.0,Multiplicity:1.02
0.001	0.944	0.001	0.054
0.517	0.001	0.001	0.481
0.557	0.001	0.001	0.441
0.995	0.001	0.001	0.003
0.997	0.001	0.001	0.001
0.001	0.001	0.001	0.997
0.997	0.001	0.001	0.001
0.001	0.001	0.997	0.001
>GCCGGTTC	24-GCCGGTTC	7.779098	-33.458761	0	T:286.0(3.49%),B:1916.1(2.13%),P:1e-14	Tpos:97.2,Tstd:52.9,Bpos:100.5,Bstd:61.5,StrandBias:0.2,Multiplicity:1.02
0.001	0.001	0.747	0.251
0.001	0.726	0.272	0.001
0.001	0.997	0.001	0.001
0.115	0.001	0.883	0.001
0.001	0.001	0.997	0.001
0.001	0.001	0.001	0.997
0.086	0.001	0.001	0.912
0.001	0.647	0.351	0.001
>GGGGGCGC	25-GGGGGCGC	10.075070	-32.623552	0	T:185.0(2.26%),B:1091.7(1.21%),P:1e-14	Tpos:103.1,Tstd:42.8,Bpos:97.2,Bstd:56.9,StrandBias:0.0,Multiplicity:1.04
0.001	0.001	0.997	0.001
0.001	0.001	0.997	0.001
0.001	0.001	0.628	0.370
0.001	0.001	0.997	0.001
0.001	0.001	0.997	0.001
0.001	0.997	0.001	0.001
0.001	0.001	0.997	0.001
0.001	0.997	0.001	0.001
