>CAGGAAGT	1-CAGGAAGT	6.444842	-2055.201667	0	T:4886.0(59.67%),B:23411.6(26.03%),P:1e-892	Tpos:101.4,Tstd:50.2,Bpos:99.8,Bstd:65.9,StrandBias:0.0,Multiplicity:1.51
0.091	0.771	0.118	0.020
0.994	0.001	0.004	0.001
0.001	0.001	0.997	0.001
0.001	0.001	0.997	0.001
0.997	0.001	0.001	0.001
0.918	0.001	0.001	0.080
0.163	0.019	0.817	0.001
0.062	0.147	0.141	0.650
>HACWTCCK	2-HACWTCCK	5.654503	-1345.742692	0	T:4902.0(59.87%),B:28752.7(31.97%),P:1e-584	Tpos:101.4,Tstd:53.8,Bpos:99.0,Bstd:61.4,StrandBias:0.0,Multiplicity:1.19
0.367	0.254	0.136	0.243
0.676	0.055	0.233	0.036
0.001	0.725	0.001	0.273
0.516	0.071	0.001	0.412
0.025	0.001	0.001	0.973
0.001	0.997	0.001	0.001
0.001	0.997	0.001	0.001
0.001	0.195	0.476	0.328
>CTTCCTGT	3-CTTCCTGT	6.588842	-1227.288516	0	T:3586.0(43.80%),B:17720.9(19.70%),P:1e-533	Tpos:98.9,Tstd:53.3,Bpos:99.5,Bstd:63.1,StrandBias:-0.0,Multiplicity:1.09
0.001	0.612	0.012	0.375
0.328	0.001	0.185	0.486
0.001	0.001	0.001	0.997
0.001	0.997	0.001	0.001
0.001	0.997	0.001	0.001
0.001	0.138	0.304	0.557
0.001	0.276	0.722	0.001
0.001	0.010	0.001	0.988
>AGGAAAYG	4-AGGAAAYG	6.672812	-974.350073	0	T:2328.0(28.43%),B:9672.0(10.75%),P:1e-423	Tpos:101.1,Tstd:54.3,Bpos:99.2,Bstd:64.2,StrandBias:-0.0,Multiplicity:1.11
0.622	0.213	0.098	0.067
0.004	0.015	0.940	0.041
0.028	0.004	0.881	0.087
0.918	0.016	0.024	0.042
0.845	0.032	0.013	0.110
0.807	0.107	0.073	0.013
0.048	0.408	0.045	0.499
0.277	0.104	0.582	0.037
>TGACTCAT	5-TGACTCAT	6.788660	-533.529871	0	T:1015.0(12.40%),B:3414.0(3.80%),P:1e-231	Tpos:100.8,Tstd:48.7,Bpos:100.0,Bstd:63.0,StrandBias:-0.0,Multiplicity:1.07
0.001	0.003	0.001	0.995
0.001	0.001	0.985	0.013
0.997	0.001	0.001	0.001
0.022	0.660	0.274	0.044
0.001	0.001	0.014	0.984
0.045	0.953	0.001	0.001
0.994	0.001	0.004	0.001
0.013	0.176	0.135	0.676
>GCAGGAAG	6-GCAGGAAG	8.522687	-472.060258	0	T:1980.0(24.18%),B:10740.2(11.94%),P:1e-205	Tpos:101.0,Tstd:54.3,Bpos:99.5,Bstd:65.6,StrandBias:-0.0,Multiplicity:1.07
0.216	0.001	0.782	0.001
0.252	0.746	0.001	0.001
0.990	0.008	0.001	0.001
0.001	0.001	0.997	0.001
0.001	0.001	0.997	0.001
0.619	0.001	0.379	0.001
0.641	0.001	0.001	0.357
0.001	0.001	0.997	0.001
>MMGGAAAV	7-MMGGAAAV	6.189857	-450.592346	0	T:1296.0(15.83%),B:5723.5(6.36%),P:1e-195	Tpos:100.4,Tstd:54.7,Bpos:101.2,Bstd:65.1,StrandBias:-0.2,Multiplicity:1.05
0.401	0.480	0.040	0.079
0.429	0.540	0.030	0.001
0.070	0.001	0.928	0.001
0.264	0.001	0.560	0.175
0.588	0.110	0.001	0.301
0.585	0.158	0.001	0.256
0.836	0.118	0.004	0.042
0.266	0.343	0.230	0.161
>CAGGAAMT	8-CAGGAAMT	7.538686	-378.663770	0	T:838.0(10.23%),B:3108.9(3.46%),P:1e-164	Tpos:101.4,Tstd:55.5,Bpos:98.9,Bstd:64.5,StrandBias:-0.2,Multiplicity:1.01
0.072	0.879	0.004	0.045
0.624	0.108	0.160	0.108
0.001	0.060	0.882	0.057
0.001	0.001	0.789	0.209
0.821	0.126	0.052	0.001
0.812	0.057	0.001	0.130
0.527	0.389	0.045	0.039
0.001	0.028	0.137	0.834
>AACAATAG	9-AACAATAG	6.099299	-307.829586	0	T:1204.0(14.70%),B:6166.5(6.86%),P:1e-133	Tpos:99.4,Tstd:57.1,Bpos:98.8,Bstd:60.7,StrandBias:0.1,Multiplicity:1.10
0.887	0.017	0.075	0.021
0.997	0.001	0.001	0.001
0.209	0.730	0.026	0.035
0.997	0.001	0.001	0.001
0.997	0.001	0.001	0.001
0.001	0.016	0.001	0.982
0.711	0.013	0.248	0.028
0.053	0.066	0.880	0.001
>TGACTAAC	10-TGACTAAC	6.349909	-281.658144	0	T:1208.0(14.75%),B:6439.8(7.16%),P:1e-122	Tpos:97.3,Tstd:55.3,Bpos:98.2,Bstd:60.0,StrandBias:-0.1,Multiplicity:1.05
0.001	0.054	0.038	0.907
0.017	0.001	0.923	0.059
0.980	0.018	0.001	0.001
0.177	0.388	0.197	0.238
0.033	0.043	0.139	0.785
0.672	0.196	0.001	0.131
0.781	0.001	0.217	0.001
0.071	0.582	0.146	0.201
>YATTGTGC	11-YATTGTGC	4.248676	-269.262634	0	T:1128.0(13.78%),B:5938.6(6.60%),P:1e-116	Tpos:96.7,Tstd:55.3,Bpos:102.3,Bstd:61.3,StrandBias:-0.2,Multiplicity:1.06
0.001	0.557	0.001	0.441
0.997	0.001	0.001	0.001
0.001	0.001	0.001	0.997
0.001	0.001	0.001	0.997
0.001	0.001	0.997	0.001
0.001	0.001	0.001	0.997
0.001	0.164	0.824	0.011
0.304	0.518	0.001	0.177
>GGATTTCC	12-GGATTTCC	8.105229	-179.039173	0	T:468.0(5.72%),B:1905.0(2.12%),P:1e-77	Tpos:106.4,Tstd:53.5,Bpos:99.2,Bstd:63.9,StrandBias:0.1,Multiplicity:1.01
0.001	0.001	0.997	0.001
0.001	0.090	0.908	0.001
0.997	0.001	0.001	0.001
0.233	0.001	0.001	0.765
0.089	0.001	0.001	0.909
0.001	0.001	0.001	0.997
0.001	0.997	0.001	0.001
0.001	0.917	0.081	0.001
>TCTTGGCA	13-TCTTGGCA	6.653482	-176.063160	0	T:1344.0(16.41%),B:8808.2(9.79%),P:1e-76	Tpos:98.6,Tstd:54.1,Bpos:100.1,Bstd:62.7,StrandBias:-0.1,Multiplicity:1.08
0.205	0.127	0.001	0.667
0.023	0.833	0.001	0.143
0.001	0.001	0.001	0.997
0.001	0.001	0.001	0.997
0.001	0.001	0.997	0.001
0.001	0.001	0.997	0.001
0.001	0.997	0.001	0.001
0.783	0.001	0.001	0.215
>HRAGGTCA	14-HRAGGTCA	8.172632	-166.893503	0	T:1002.0(12.24%),B:6034.3(6.71%),P:1e-72	Tpos:99.6,Tstd:54.0,Bpos:98.3,Bstd:60.6,StrandBias:0.1,Multiplicity:1.05
0.309	0.223	0.128	0.340
0.430	0.001	0.568	0.001
0.997	0.001	0.001	0.001
0.001	0.001	0.997	0.001
0.001	0.001	0.997	0.001
0.001	0.001	0.001	0.997
0.001	0.997	0.001	0.001
0.997	0.001	0.001	0.001
>GACGTCAT	15-GACGTCAT	5.700790	-148.761659	0	T:1274.0(15.56%),B:8611.9(9.57%),P:1e-64	Tpos:103.0,Tstd:55.5,Bpos:96.8,Bstd:58.9,StrandBias:0.0,Multiplicity:1.03
0.118	0.103	0.621	0.158
0.857	0.034	0.064	0.045
0.082	0.519	0.264	0.135
0.138	0.001	0.851	0.010
0.061	0.024	0.024	0.891
0.106	0.738	0.070	0.086
0.860	0.058	0.012	0.070
0.097	0.132	0.101	0.670
>CATAAATM	16-CATAAATM	7.751986	-114.097153	0	T:306.0(3.74%),B:1263.4(1.40%),P:1e-49	Tpos:100.1,Tstd:60.0,Bpos:98.5,Bstd:58.6,StrandBias:0.0,Multiplicity:1.03
0.005	0.623	0.049	0.323
0.828	0.088	0.032	0.052
0.149	0.001	0.001	0.849
0.636	0.001	0.001	0.362
0.997	0.001	0.001	0.001
0.997	0.001	0.001	0.001
0.001	0.115	0.001	0.883
0.492	0.506	0.001	0.001
>CCACACCC	17-CCACACCC	5.662022	-112.332008	0	T:1504.0(18.37%),B:11368.4(12.64%),P:1e-48	Tpos:101.2,Tstd:54.4,Bpos:98.9,Bstd:57.1,StrandBias:-0.1,Multiplicity:1.17
0.001	0.660	0.001	0.338
0.001	0.960	0.001	0.038
0.651	0.347	0.001	0.001
0.001	0.997	0.001	0.001
0.997	0.001	0.001	0.001
0.001	0.997	0.001	0.001
0.001	0.997	0.001	0.001
0.001	0.997	0.001	0.001
>GCCWGGCW	18-GCCWGGCW	3.081845	-109.050368	0	T:4904.0(59.89%),B:46683.4(51.90%),P:1e-47	Tpos:101.1,Tstd:53.1,Bpos:100.1,Bstd:64.6,StrandBias:-0.0,Multiplicity:1.63
0.001	0.001	0.997	0.001
0.001	0.943	0.001	0.055
0.001	0.876	0.001	0.122
0.524	0.001	0.097	0.378
0.001	0.001	0.997	0.001
0.162	0.206	0.631	0.001
0.001	0.997	0.001	0.001
0.366	0.146	0.128	0.360
>CAGGGTCA	19-CAGGGTCA	7.873587	-86.508122	0	T:664.0(8.11%),B:4299.0(4.78%),P:1e-37	Tpos:95.3,Tstd:52.4,Bpos:99.7,Bstd:58.8,StrandBias:-0.2,Multiplicity:1.03
0.188	0.810	0.001	0.001
0.661	0.095	0.080	0.164
0.001	0.001	0.997	0.001
0.001	0.001	0.997	0.001
0.001	0.001	0.997	0.001
0.001	0.001	0.001	0.997
0.076	0.922	0.001	0.001
0.997	0.001	0.001	0.001
>CTTATCAG	20-CTTATCAG	6.784669	-78.655806	0	T:372.0(4.54%),B:2028.1(2.25%),P:1e-34	Tpos:105.8,Tstd:56.6,Bpos:98.9,Bstd:58.6,StrandBias:-0.1,Multiplicity:1.02
0.001	0.997	0.001	0.001
0.001	0.001	0.029	0.969
0.001	0.001	0.001	0.997
0.997	0.001	0.001	0.001
0.001	0.001	0.001	0.997
0.001	0.997	0.001	0.001
0.698	0.066	0.045	0.191
0.074	0.132	0.793	0.001
>CCTTTGTT	21-CCTTTGTT	8.363817	-77.941750	0	T:688.0(8.40%),B:4639.6(5.16%),P:1e-33	Tpos:99.4,Tstd:56.8,Bpos:100.3,Bstd:63.0,StrandBias:-0.1,Multiplicity:1.06
0.001	0.617	0.255	0.127
0.001	0.997	0.001	0.001
0.001	0.001	0.001	0.997
0.001	0.001	0.001	0.997
0.001	0.001	0.001	0.997
0.001	0.001	0.997	0.001
0.001	0.001	0.001	0.997
0.001	0.196	0.108	0.695
>AAGGCCAG	22-AAGGCCAG	8.258365	-59.146235	0	T:635.0(7.76%),B:4505.2(5.01%),P:1e-25	Tpos:95.3,Tstd:56.3,Bpos:99.4,Bstd:64.4,StrandBias:-0.2,Multiplicity:1.02
0.997	0.001	0.001	0.001
0.997	0.001	0.001	0.001
0.001	0.109	0.889	0.001
0.001	0.001	0.997	0.001
0.001	0.912	0.001	0.086
0.001	0.997	0.001	0.001
0.997	0.001	0.001	0.001
0.001	0.216	0.782	0.001
>CWWAATAG	23-CWWAATAG	6.909650	-47.245242	0	T:190.0(2.32%),B:973.0(1.08%),P:1e-20	Tpos:88.1,Tstd:54.5,Bpos:97.8,Bstd:57.1,StrandBias:-0.0,Multiplicity:1.02
0.001	0.944	0.001	0.054
0.517	0.001	0.001	0.481
0.557	0.001	0.001	0.441
0.995	0.001	0.001	0.003
0.997	0.001	0.001	0.001
0.001	0.001	0.001	0.997
0.997	0.001	0.001	0.001
0.001	0.001	0.997	0.001
>GCCGGTTC	24-GCCGGTTC	7.779098	-33.458761	0	T:286.0(3.49%),B:1916.1(2.13%),P:1e-14	Tpos:97.2,Tstd:52.9,Bpos:100.5,Bstd:61.5,StrandBias:0.2,Multiplicity:1.02
0.001	0.001	0.747	0.251
0.001	0.726	0.272	0.001
0.001	0.997	0.001	0.001
0.115	0.001	0.883	0.001
0.001	0.001	0.997	0.001
0.001	0.001	0.001	0.997
0.086	0.001	0.001	0.912
0.001	0.647	0.351	0.001
>GGGGGCGC	25-GGGGGCGC	10.075070	-32.623552	0	T:185.0(2.26%),B:1091.7(1.21%),P:1e-14	Tpos:103.1,Tstd:42.8,Bpos:97.2,Bstd:56.9,StrandBias:0.0,Multiplicity:1.04
0.001	0.001	0.997	0.001
0.001	0.001	0.997	0.001
0.001	0.001	0.628	0.370
0.001	0.001	0.997	0.001
0.001	0.001	0.997	0.001
0.001	0.997	0.001	0.001
0.001	0.001	0.997	0.001
0.001	0.997	0.001	0.001
