>ACTTCCTGTY	1-ACTTCCTGTY,BestGuess:ERG(ETS)/VCaP-ERG-ChIP-Seq(GSE14097)/Homer(0.973)	6.832816	-2348.498414	0	T:4224.0(51.59%),B:16261.8(18.08%),P:1e-1019
0.551	0.133	0.245	0.071
0.023	0.639	0.045	0.293
0.121	0.027	0.037	0.815
0.013	0.026	0.034	0.927
0.029	0.903	0.022	0.046
0.023	0.931	0.021	0.025
0.018	0.089	0.071	0.822
0.063	0.201	0.576	0.160
0.111	0.287	0.092	0.510
0.143	0.341	0.189	0.327
>KATGASTCAT	3-KATGASTCAT,BestGuess:Fra1(bZIP)/BT549-Fra1-ChIP-Seq(GSE46166)/Homer(0.989)	6.942362	-590.906952	0	T:1010.0(12.34%),B:3132.8(3.48%),P:1e-256
0.182	0.178	0.290	0.349
0.498	0.151	0.282	0.069
0.001	0.031	0.002	0.966
0.028	0.017	0.656	0.299
0.919	0.022	0.003	0.056
0.150	0.361	0.373	0.117
0.055	0.041	0.078	0.826
0.180	0.775	0.024	0.021
0.941	0.007	0.046	0.006
0.065	0.249	0.207	0.479
>KCTATTTTTAGH	4-KCTATTTTTAGH,BestGuess:Mef2c(MADS)/GM12878-Mef2c-ChIP-Seq(GSE32465)/Homer(0.980)	8.069945	-345.977573	0	T:478.0(5.84%),B:1210.9(1.35%),P:1e-150
0.121	0.102	0.408	0.370
0.055	0.660	0.075	0.210
0.001	0.014	0.001	0.984
0.865	0.005	0.075	0.055
0.036	0.001	0.001	0.962
0.054	0.014	0.001	0.931
0.029	0.054	0.052	0.865
0.322	0.016	0.020	0.642
0.114	0.029	0.089	0.768
0.710	0.001	0.276	0.013
0.232	0.081	0.622	0.065
0.288	0.350	0.154	0.208
>NCCATTGTTY	7-NCCATTGTTY,BestGuess:Sox17(HMG)/Endoderm-Sox17-ChIP-Seq(GSE61475)/Homer(0.980)	7.208744	-323.233026	0	T:1126.0(13.75%),B:5451.8(6.06%),P:1e-140
0.238	0.296	0.273	0.193
0.018	0.603	0.283	0.096
0.076	0.603	0.001	0.320
0.864	0.001	0.001	0.134
0.001	0.008	0.001	0.990
0.001	0.001	0.001	0.997
0.001	0.001	0.997	0.001
0.001	0.001	0.001	0.997
0.001	0.259	0.214	0.526
0.066	0.385	0.055	0.494
>GGCHSNVTGCCA	8-GGCHSNVTGCCA,BestGuess:NF1(CTF)/LNCAP-NF1-ChIP-Seq(Unpublished)/Homer(0.892)	8.271611	-258.353369	0	T:1024.0(12.51%),B:5245.6(5.83%),P:1e-112
0.001	0.001	0.997	0.001
0.001	0.039	0.959	0.001
0.330	0.552	0.117	0.001
0.351	0.255	0.077	0.317
0.151	0.354	0.313	0.182
0.241	0.306	0.268	0.184
0.205	0.336	0.305	0.154
0.261	0.001	0.236	0.502
0.001	0.001	0.959	0.039
0.001	0.997	0.001	0.001
0.001	0.997	0.001	0.001
0.580	0.288	0.001	0.131
>AGGAMATCCB	10-AGGAMATCCB,BestGuess:RELA/MA0107.1/Jaspar(0.713)	7.281576	-242.689237	0	T:896.0(10.94%),B:4426.1(4.92%),P:1e-105
0.625	0.001	0.149	0.225
0.001	0.101	0.897	0.001
0.001	0.329	0.608	0.062
0.997	0.001	0.001	0.001
0.323	0.453	0.001	0.223
0.798	0.001	0.076	0.125
0.078	0.001	0.075	0.846
0.001	0.891	0.001	0.107
0.001	0.997	0.001	0.001
0.001	0.293	0.422	0.284
>GCCCCCTAGTGG	11-GCCCCCTAGTGG,BestGuess:CTCF/MA0139.2/Jaspar(0.935)	9.524497	-227.853632	0	T:343.0(4.19%),B:935.7(1.04%),P:1e-98
0.080	0.001	0.805	0.114
0.122	0.770	0.042	0.066
0.001	0.976	0.001	0.022
0.330	0.668	0.001	0.001
0.001	0.633	0.001	0.365
0.001	0.997	0.001	0.001
0.146	0.057	0.030	0.767
0.608	0.090	0.236	0.066
0.059	0.201	0.693	0.047
0.051	0.139	0.001	0.809
0.001	0.001	0.997	0.001
0.045	0.022	0.910	0.023
>DGCCWGCCAR	11-DGCCWGCCAR,BestGuess:MYRF(MYRF)/CFPAC1-MYRF-ChIP-Seq(GSE145627)/Homer(0.735)	6.118737	-170.246622	0	T:3331.0(40.68%),B:27991.1(31.12%),P:1e-73
0.291	0.116	0.341	0.252
0.032	0.119	0.768	0.081
0.001	0.806	0.065	0.128
0.076	0.822	0.001	0.101
0.397	0.001	0.232	0.370
0.001	0.001	0.997	0.001
0.048	0.583	0.368	0.001
0.010	0.988	0.001	0.001
0.569	0.215	0.093	0.123
0.353	0.138	0.438	0.071
>HRAGGTCA	14-HRAGGTCA,BestGuess:THRb(NR)/Liver-NR1A2-ChIP-Seq(GSE52613)/Homer(0.972)	8.172632	-166.893503	0	T:1002.0(12.24%),B:6034.3(6.71%),P:1e-72
0.309	0.223	0.128	0.340
0.430	0.001	0.568	0.001
0.997	0.001	0.001	0.001
0.001	0.001	0.997	0.001
0.001	0.001	0.997	0.001
0.001	0.001	0.001	0.997
0.001	0.997	0.001	0.001
0.997	0.001	0.001	0.001
>YGGAAACAGG	13-YGGAAACAGG,BestGuess:Foxo1(Forkhead)/RAW-Foxo1-ChIP-Seq(Fan_et_al.)/Homer(0.839)	6.461507	-142.762191	0	T:866.0(10.58%),B:5217.7(5.80%),P:1e-62
0.181	0.333	0.116	0.370
0.052	0.271	0.598	0.079
0.014	0.210	0.498	0.278
0.588	0.094	0.159	0.159
0.547	0.219	0.012	0.222
0.683	0.053	0.108	0.156
0.032	0.893	0.064	0.011
0.716	0.190	0.055	0.039
0.157	0.179	0.635	0.029
0.037	0.116	0.522	0.325
>RGCCCCACCC	15-RGCCCCACCC,BestGuess:KLF4/MA0039.5/Jaspar(0.956)	7.810104	-115.882372	0	T:1345.0(16.43%),B:9824.2(10.92%),P:1e-50
0.346	0.182	0.286	0.186
0.162	0.179	0.575	0.084
0.079	0.798	0.001	0.122
0.001	0.627	0.001	0.371
0.226	0.741	0.001	0.032
0.001	0.972	0.026	0.001
0.997	0.001	0.001	0.001
0.001	0.927	0.071	0.001
0.001	0.997	0.001	0.001
0.001	0.997	0.001	0.001
>CTTATCAG	20-CTTATCAG,BestGuess:PB0022.1_Gata5_1/Jaspar(0.945)	6.784669	-78.655806	0	T:372.0(4.54%),B:2028.1(2.25%),P:1e-34
0.001	0.997	0.001	0.001
0.001	0.001	0.029	0.969
0.001	0.001	0.001	0.997
0.997	0.001	0.001	0.001
0.001	0.001	0.001	0.997
0.001	0.997	0.001	0.001
0.698	0.066	0.045	0.191
0.074	0.132	0.793	0.001
>CGYTTCMCTT	24-CGYTTCMCTT,BestGuess:PU.1-IRF(ETS:IRF)/Bcell-PU.1-ChIP-Seq(GSE21512)/Homer(0.715)	8.082873	-43.792846	0	T:187.0(2.28%),B:983.6(1.09%),P:1e-19
0.337	0.491	0.171	0.001
0.048	0.001	0.950	0.001
0.055	0.490	0.001	0.454
0.088	0.001	0.111	0.800
0.338	0.001	0.172	0.489
0.001	0.916	0.082	0.001
0.556	0.442	0.001	0.001
0.001	0.567	0.276	0.156
0.001	0.001	0.277	0.721
0.192	0.101	0.104	0.603
>GCCGGTTC	24-GCCGGTTC,BestGuess:MYB(HTH)/ERMYB-Myb-ChIPSeq(GSE22095)/Homer(0.769)	7.779098	-33.458761	0	T:286.0(3.49%),B:1916.1(2.13%),P:1e-14
0.001	0.001	0.747	0.251
0.001	0.726	0.272	0.001
0.001	0.997	0.001	0.001
0.115	0.001	0.883	0.001
0.001	0.001	0.997	0.001
0.001	0.001	0.001	0.997
0.086	0.001	0.001	0.912
0.001	0.647	0.351	0.001
>ATTAVGACGGCW	23-ATTAVGACGGCW,BestGuess:PROX1/MA0794.1/Jaspar(0.585)	11.870632	-24.396679	0	T:8.0(0.10%),B:2.9(0.00%),P:1e-10
0.853	0.001	0.001	0.145
0.001	0.269	0.001	0.729
0.001	0.001	0.001	0.997
0.997	0.001	0.001	0.001
0.292	0.427	0.281	0.001
0.134	0.001	0.731	0.134
0.719	0.146	0.001	0.134
0.001	0.864	0.134	0.001
0.001	0.001	0.997	0.001
0.001	0.010	0.988	0.001
0.001	0.997	0.001	0.001
0.572	0.001	0.001	0.426
>TTTCCTCTVTCT	25-TTTCCTCTVTCT,BestGuess:PB0166.1_Sox12_2/Jaspar(0.678)	13.894158	-9.387324	0	T:7.0(0.09%),B:11.0(0.01%),P:1e-4
0.001	0.001	0.001	0.997
0.001	0.001	0.001	0.997
0.001	0.001	0.001	0.997
0.001	0.591	0.407	0.001
0.001	0.997	0.001	0.001
0.001	0.001	0.001	0.997
0.001	0.682	0.001	0.316
0.409	0.001	0.001	0.589
0.404	0.269	0.326	0.001
0.001	0.001	0.001	0.997
0.001	0.997	0.001	0.001
0.001	0.001	0.001	0.997
