>GAGTGATAGAAG	20-GAGTGATAGAAG,BestGuess:HOXD9/MA0913.3/Jaspar(0.640)	11.466488	-103.333098	0	T:58.0(0.06%),B:4.7(0.01%),P:1e-44
0.034	0.107	0.635	0.224
0.912	0.001	0.064	0.023
0.358	0.012	0.607	0.023
0.034	0.346	0.011	0.609
0.312	0.057	0.597	0.034
0.965	0.012	0.001	0.022
0.022	0.318	0.023	0.637
0.640	0.066	0.034	0.260
0.322	0.034	0.611	0.033
0.954	0.011	0.001	0.034
0.676	0.218	0.057	0.049
0.063	0.001	0.924	0.012
