>CTGCGACCTTGA	23-CTGCGACCTTGA	10.641644	-89.619983	0	T:114.0(0.13%),B:24.4(0.03%),P:1e-38
0.044	0.834	0.056	0.066
0.124	0.049	0.059	0.768
0.046	0.070	0.838	0.046
0.111	0.594	0.112	0.183
0.127	0.128	0.665	0.080
0.666	0.099	0.091	0.144
0.076	0.781	0.075	0.068
0.065	0.831	0.038	0.066
0.079	0.085	0.085	0.751
0.073	0.069	0.101	0.757
0.044	0.126	0.785	0.045
0.730	0.087	0.106	0.077
