>TCAGCACGGCGG	22-TCAGCACGGCGG,BestGuess:REST/MA0138.3/Jaspar(0.678)	11.424732	-90.335135	0	T:48.0(0.05%),B:3.8(0.00%),P:1e-39
0.357	0.022	0.055	0.566
0.078	0.607	0.031	0.284
0.840	0.052	0.035	0.073
0.044	0.013	0.905	0.038
0.040	0.831	0.013	0.116
0.920	0.035	0.029	0.016
0.041	0.861	0.054	0.044
0.210	0.279	0.446	0.064
0.263	0.016	0.477	0.244
0.140	0.576	0.148	0.136
0.059	0.233	0.637	0.071
0.051	0.022	0.795	0.132
