>CGTGAGTAATGG	21-CGTGAGTAATGG	10.945867	-95.399367	0	T:88.0(0.10%),B:13.5(0.01%),P:1e-41
0.144	0.651	0.052	0.153
0.052	0.103	0.779	0.066
0.051	0.028	0.063	0.858
0.036	0.028	0.896	0.040
0.859	0.028	0.047	0.066
0.051	0.044	0.850	0.055
0.079	0.041	0.090	0.790
0.834	0.032	0.059	0.075
0.928	0.020	0.028	0.024
0.111	0.047	0.032	0.810
0.072	0.016	0.876	0.036
0.024	0.048	0.876	0.052
