>CCAAGGCTGTAA	15-CCAAGGCTGTAA	8.803978	-337.686096	0	T:2992.0(3.28%),B:1782.0(1.98%),P:1e-146
0.055	0.629	0.078	0.238
0.006	0.959	0.007	0.028
0.909	0.079	0.003	0.009
0.816	0.008	0.115	0.061
0.058	0.004	0.919	0.019
0.032	0.034	0.900	0.034
0.064	0.837	0.033	0.066
0.017	0.055	0.006	0.922
0.101	0.059	0.824	0.016
0.233	0.163	0.194	0.410
0.438	0.168	0.253	0.141
0.519	0.116	0.194	0.171
