>CTTCTATCACTC	20-GAGTGATAGAAG	11.466488	-103.333098	0	T:58.0(0.06%),B:4.7(0.01%),P:1e-44
0.012	0.924	0.001	0.063
0.049	0.057	0.218	0.676
0.034	0.001	0.011	0.954
0.033	0.611	0.034	0.322
0.260	0.034	0.066	0.640
0.637	0.023	0.318	0.022
0.022	0.001	0.012	0.965
0.034	0.597	0.057	0.312
0.609	0.011	0.346	0.034
0.023	0.607	0.012	0.358
0.023	0.064	0.001	0.912
0.224	0.635	0.107	0.034
