>CGGCCTTGTAAC	14-CGGCCTTGTAAC	7.155180	-341.911821	0	T:5016.0(5.51%),B:3382.2(3.76%),P:1e-148
0.096	0.680	0.116	0.108
0.138	0.047	0.639	0.176
0.036	0.063	0.834	0.067
0.038	0.870	0.057	0.035
0.041	0.850	0.025	0.084
0.061	0.114	0.037	0.788
0.044	0.052	0.115	0.789
0.031	0.083	0.808	0.078
0.127	0.094	0.165	0.614
0.644	0.132	0.162	0.062
0.741	0.083	0.111	0.065
0.086	0.744	0.098	0.072
