>RATGAYTAAWCA	6-RATGAYTAAWCA	6.925141	-1214.617337	0	T:7492.0(8.22%),B:4029.8(4.48%),P:1e-527
0.260	0.166	0.371	0.203
0.644	0.266	0.069	0.021
0.039	0.003	0.029	0.929
0.023	0.023	0.931	0.023
0.941	0.021	0.014	0.024
0.181	0.336	0.037	0.447
0.171	0.025	0.032	0.772
0.890	0.028	0.032	0.050
0.918	0.029	0.024	0.029
0.344	0.019	0.158	0.479
0.147	0.499	0.211	0.144
0.614	0.180	0.030	0.176
