>GAACCGTCCAAT	24-ATTGGACGGTTC	11.197296	-87.713039	0	T:68.0(0.07%),B:8.5(0.01%),P:1e-38
0.181	0.020	0.775	0.024
0.881	0.059	0.035	0.025
0.841	0.044	0.090	0.025
0.049	0.892	0.030	0.029
0.108	0.681	0.030	0.181
0.116	0.054	0.782	0.048
0.045	0.069	0.086	0.800
0.024	0.867	0.069	0.040
0.015	0.917	0.020	0.048
0.905	0.040	0.020	0.035
0.852	0.035	0.054	0.059
0.048	0.090	0.044	0.818
