>GCCTTGACCTTT	13-GCCTTGACCTTT	9.642492	-351.732241	0	T:1173.0(1.29%),B:481.4(0.53%),P:1e-152
0.167	0.048	0.680	0.105
0.036	0.892	0.022	0.050
0.035	0.905	0.009	0.051
0.096	0.084	0.029	0.791
0.019	0.024	0.046	0.911
0.031	0.034	0.907	0.028
0.730	0.072	0.109	0.089
0.092	0.787	0.081	0.040
0.148	0.791	0.019	0.042
0.016	0.032	0.006	0.946
0.025	0.109	0.079	0.787
0.023	0.073	0.030	0.874
