>GCGCATGCGCAN	9-GCGCATGCGCAN,BestGuess:NRF1(NRF)/MCF7-NRF1-ChIP-Seq(Unpublished)/Homer(0.983)	9.402906	-251.973572	0	T:1076.0(5.09%),B:1844.5(2.40%),P:1e-109
0.131	0.044	0.815	0.010
0.112	0.808	0.064	0.016
0.078	0.040	0.851	0.031
0.001	0.925	0.043	0.031
0.613	0.249	0.063	0.075
0.069	0.046	0.163	0.722
0.001	0.042	0.951	0.006
0.001	0.933	0.025	0.041
0.013	0.058	0.823	0.106
0.033	0.812	0.013	0.142
0.508	0.138	0.242	0.112
0.213	0.193	0.325	0.269
