>CKGCCCCTTTAA	15-TTAAAGGGGCMG	10.793108	-118.176590	0	T:201.0(0.95%),B:200.4(0.26%),P:1e-51
0.029	0.897	0.001	0.073
0.001	0.130	0.414	0.455
0.025	0.001	0.792	0.182
0.001	0.659	0.099	0.241
0.001	0.777	0.059	0.163
0.012	0.780	0.092	0.116
0.001	0.987	0.011	0.001
0.012	0.029	0.001	0.958
0.001	0.001	0.073	0.925
0.007	0.012	0.001	0.980
0.924	0.001	0.001	0.074
0.969	0.001	0.029	0.001
