>GGGARTTGTAGT	5-ACTACAAYTCCC	9.971144	-455.622111	0	T:613.0(2.90%),B:494.8(0.64%),P:1e-197
0.022	0.014	0.946	0.018
0.021	0.008	0.960	0.011
0.090	0.011	0.880	0.019
0.845	0.042	0.067	0.046
0.351	0.168	0.367	0.115
0.206	0.116	0.113	0.565
0.015	0.055	0.064	0.866
0.008	0.006	0.968	0.018
0.016	0.088	0.075	0.821
0.899	0.017	0.070	0.014
0.006	0.025	0.955	0.014
0.003	0.014	0.036	0.947
