>NTGCGCATGCGC	9-GCGCATGCGCAN	9.402906	-251.973572	0	T:1076.0(5.09%),B:1844.5(2.40%),P:1e-109
0.269	0.325	0.193	0.213
0.112	0.242	0.138	0.508
0.142	0.013	0.812	0.033
0.106	0.823	0.058	0.013
0.041	0.025	0.933	0.001
0.006	0.951	0.042	0.001
0.722	0.163	0.046	0.069
0.075	0.063	0.249	0.613
0.031	0.043	0.925	0.001
0.031	0.851	0.040	0.078
0.016	0.064	0.808	0.112
0.010	0.815	0.044	0.131
