>BGVTGACGTCAC	13-BGVTGACGTCAC	7.029161	-164.497729	0	T:1041.0(4.92%),B:2074.8(2.70%),P:1e-71
0.164	0.317	0.291	0.228
0.195	0.220	0.411	0.174
0.265	0.263	0.407	0.065
0.040	0.050	0.067	0.843
0.001	0.001	0.942	0.056
0.907	0.001	0.060	0.032
0.062	0.766	0.075	0.097
0.128	0.093	0.719	0.060
0.018	0.076	0.029	0.877
0.036	0.960	0.001	0.003
0.805	0.095	0.056	0.044
0.049	0.441	0.280	0.230
