>SGTTGCTAGGVA	18-SGTTGCTAGGVA	10.462313	-72.359291	0	T:162.0(0.77%),B:198.5(0.26%),P:1e-31
0.096	0.314	0.397	0.193
0.017	0.017	0.949	0.017
0.001	0.112	0.001	0.886
0.017	0.001	0.114	0.868
0.070	0.001	0.912	0.017
0.016	0.982	0.001	0.001
0.001	0.107	0.001	0.891
0.681	0.070	0.248	0.001
0.017	0.034	0.948	0.001
0.001	0.001	0.982	0.016
0.280	0.406	0.312	0.001
0.577	0.118	0.288	0.017
