>CGCGCTAATTGG	17-CGCGCTAATTGG	9.348425	-87.241755	0	T:250.0(1.18%),B:353.5(0.46%),P:1e-37
0.071	0.845	0.060	0.024
0.089	0.071	0.769	0.071
0.083	0.881	0.035	0.001
0.001	0.001	0.905	0.093
0.001	0.940	0.047	0.012
0.036	0.061	0.101	0.802
0.773	0.064	0.103	0.060
0.759	0.060	0.108	0.073
0.071	0.085	0.060	0.784
0.036	0.036	0.112	0.816
0.108	0.036	0.844	0.012
0.001	0.083	0.881	0.035
