>ATGGTTCCGCCC	11-ATGGTTCCGCCC	7.541500	-229.873635	0	T:1220.0(5.77%),B:2285.9(2.98%),P:1e-99
0.550	0.175	0.148	0.127
0.131	0.129	0.151	0.589
0.086	0.109	0.714	0.091
0.089	0.129	0.674	0.108
0.099	0.183	0.124	0.594
0.084	0.151	0.135	0.630
0.062	0.739	0.110	0.089
0.103	0.697	0.092	0.108
0.096	0.119	0.673	0.112
0.076	0.713	0.123	0.088
0.074	0.728	0.107	0.091
0.086	0.702	0.107	0.105
