>CASGGGSGVGGC	22-CASGGGSGVGGC	9.640271	-37.526689	0	T:117.0(0.55%),B:176.4(0.23%),P:1e-16
0.142	0.630	0.036	0.192
0.590	0.215	0.024	0.171
0.184	0.345	0.449	0.022
0.128	0.249	0.548	0.075
0.063	0.182	0.634	0.121
0.311	0.017	0.655	0.017
0.033	0.429	0.511	0.027
0.034	0.035	0.907	0.024
0.343	0.268	0.367	0.023
0.199	0.220	0.493	0.088
0.152	0.018	0.629	0.201
0.028	0.709	0.025	0.238
