>CTCGCTAGGATT	24-CTCGCTAGGATT,BestGuess:Rfx6/MA1724.2/Jaspar(0.649)	9.391168	-26.865201	0	T:16.0(0.08%),B:5.0(0.01%),P:1e-11
0.004	0.724	0.143	0.129
0.087	0.009	0.290	0.614
0.068	0.586	0.216	0.130
0.094	0.149	0.597	0.160
0.045	0.946	0.006	0.003
0.094	0.228	0.088	0.590
0.530	0.098	0.106	0.266
0.117	0.062	0.746	0.075
0.003	0.248	0.746	0.003
0.489	0.205	0.131	0.174
0.161	0.220	0.192	0.427
0.090	0.105	0.213	0.592
