>YGCCCCCTRSYG	2-YGCCCCCTRSYG	10.059611	-996.253097	0	T:1188.0(5.62%),B:856.1(1.11%),P:1e-432
0.012	0.483	0.012	0.493
0.012	0.012	0.617	0.359
0.047	0.882	0.039	0.032
0.038	0.906	0.040	0.016
0.340	0.581	0.016	0.063
0.008	0.568	0.010	0.414
0.038	0.913	0.025	0.024
0.052	0.076	0.022	0.850
0.387	0.080	0.353	0.180
0.032	0.440	0.463	0.065
0.053	0.387	0.046	0.514
0.048	0.020	0.893	0.039
