>NNCAATCGGCNN	10-NNCAATCGGCNN	3.039622	-230.518640	0	T:13563.0(64.16%),B:43773.2(56.97%),P:1e-100
0.287	0.205	0.281	0.228
0.214	0.290	0.242	0.255
0.167	0.456	0.136	0.241
0.623	0.045	0.129	0.203
0.732	0.028	0.056	0.184
0.150	0.070	0.023	0.757
0.153	0.668	0.060	0.119
0.118	0.161	0.632	0.089
0.176	0.133	0.501	0.190
0.155	0.573	0.103	0.169
0.229	0.247	0.284	0.240
0.233	0.206	0.272	0.289
