>CVGAAGTGACNN	12-CVGAAGTGACNN	3.213288	-227.821768	0	T:12874.0(60.90%),B:41244.6(53.68%),P:1e-98
0.215	0.393	0.202	0.190
0.206	0.251	0.347	0.196
0.175	0.131	0.456	0.237
0.605	0.054	0.076	0.265
0.661	0.136	0.046	0.157
0.187	0.123	0.466	0.224
0.106	0.160	0.087	0.647
0.243	0.095	0.440	0.222
0.718	0.060	0.070	0.152
0.110	0.642	0.097	0.151
0.224	0.209	0.355	0.213
0.249	0.272	0.235	0.245
