>SNGTCACGTGAC	14-SNGTCACGTGAC	8.261033	-163.017373	0	T:403.0(1.91%),B:519.7(0.68%),P:1e-70
0.117	0.321	0.436	0.125
0.257	0.197	0.339	0.207
0.070	0.074	0.811	0.045
0.058	0.103	0.079	0.760
0.026	0.804	0.115	0.055
0.817	0.073	0.061	0.049
0.041	0.830	0.057	0.072
0.075	0.052	0.823	0.050
0.055	0.059	0.060	0.826
0.044	0.111	0.822	0.023
0.766	0.071	0.110	0.053
0.054	0.773	0.094	0.079
