>DCTAAAAATAGM	4-KCTATTTTTAGH	8.069945	-345.977573	0	T:478.0(5.84%),B:1210.9(1.35%),P:1e-150
0.208	0.154	0.350	0.288
0.065	0.622	0.081	0.232
0.013	0.276	0.001	0.710
0.768	0.089	0.029	0.114
0.642	0.020	0.016	0.322
0.865	0.052	0.054	0.029
0.931	0.001	0.014	0.054
0.962	0.001	0.001	0.036
0.055	0.075	0.005	0.865
0.984	0.001	0.014	0.001
0.210	0.075	0.660	0.055
0.370	0.408	0.102	0.121
