>TCATTTCCTHAG	12-TCATTTCCTHAG	8.944995	-217.498461	0	T:304.0(3.71%),B:775.3(0.86%),P:1e-94
0.205	0.162	0.182	0.452
0.042	0.675	0.035	0.248
0.740	0.178	0.044	0.038
0.016	0.272	0.215	0.498
0.041	0.046	0.128	0.785
0.024	0.045	0.043	0.888
0.035	0.781	0.139	0.045
0.024	0.934	0.011	0.031
0.050	0.060	0.035	0.855
0.276	0.326	0.075	0.323
0.471	0.184	0.154	0.191
0.205	0.223	0.373	0.198
