>CTTCCTCTTCTG	20-CTTCCTCTTCTG	9.446463	-61.378529	0	T:330.0(4.03%),B:1893.3(2.10%),P:1e-26
0.062	0.820	0.061	0.057
0.064	0.091	0.047	0.798
0.079	0.061	0.051	0.809
0.004	0.894	0.039	0.063
0.005	0.948	0.026	0.021
0.067	0.056	0.083	0.794
0.089	0.840	0.024	0.047
0.093	0.067	0.085	0.755
0.080	0.030	0.084	0.806
0.087	0.801	0.053	0.059
0.095	0.001	0.013	0.891
0.042	0.058	0.844	0.056
