>CTGGCCAGGCCA	19-CTGGCCAGGCCA	8.985538	-64.091569	0	T:349.0(4.26%),B:2011.9(2.24%),P:1e-27
0.053	0.728	0.199	0.020
0.222	0.003	0.155	0.620
0.158	0.015	0.826	0.001
0.156	0.026	0.773	0.045
0.006	0.867	0.104	0.023
0.045	0.827	0.024	0.104
0.710	0.040	0.036	0.214
0.176	0.001	0.793	0.030
0.105	0.021	0.873	0.001
0.076	0.845	0.043	0.036
0.001	0.840	0.017	0.142
0.776	0.176	0.009	0.039
