>GCACTTCCTGGA	6-GCACTTCCTGGA	5.711638	-296.457277	0	T:2496.0(30.48%),B:17347.6(19.29%),P:1e-128
0.097	0.045	0.810	0.048
0.064	0.771	0.113	0.052
0.749	0.082	0.098	0.071
0.053	0.728	0.051	0.168
0.080	0.025	0.019	0.876
0.033	0.036	0.045	0.886
0.029	0.870	0.066	0.035
0.010	0.932	0.028	0.030
0.091	0.034	0.021	0.854
0.062	0.014	0.849	0.075
0.063	0.041	0.857	0.039
0.824	0.045	0.077	0.054
