>KCTATTTTTAGH	4-KCTATTTTTAGH,BestGuess:Mef2c(MADS)/GM12878-Mef2c-ChIP-Seq(GSE32465)/Homer(0.980)	8.069945	-345.977573	0	T:478.0(5.84%),B:1210.9(1.35%),P:1e-150
0.121	0.102	0.408	0.370
0.055	0.660	0.075	0.210
0.001	0.014	0.001	0.984
0.865	0.005	0.075	0.055
0.036	0.001	0.001	0.962
0.054	0.014	0.001	0.931
0.029	0.054	0.052	0.865
0.322	0.016	0.020	0.642
0.114	0.029	0.089	0.768
0.710	0.001	0.276	0.013
0.232	0.081	0.622	0.065
0.288	0.350	0.154	0.208
