>CAGGAAATCCTG	16-CAGGAAATCCTG	8.767217	-111.133483	0	T:431.0(5.26%),B:2157.0(2.40%),P:1e-48
0.028	0.925	0.033	0.014
0.819	0.014	0.028	0.139
0.151	0.022	0.772	0.055
0.108	0.230	0.448	0.214
0.771	0.196	0.019	0.014
0.681	0.291	0.014	0.014
0.889	0.086	0.024	0.001
0.068	0.042	0.293	0.597
0.093	0.888	0.018	0.001
0.147	0.758	0.028	0.067
0.151	0.001	0.028	0.820
0.028	0.042	0.878	0.052
