>CCTTCCTGTCTC	18-CCTTCCTGTCTC	9.764245	-71.674811	0	T:270.0(3.30%),B:1334.3(1.48%),P:1e-31
0.082	0.829	0.064	0.025
0.023	0.975	0.001	0.001
0.093	0.060	0.063	0.784
0.001	0.059	0.060	0.880
0.089	0.776	0.107	0.028
0.065	0.756	0.065	0.114
0.108	0.067	0.050	0.775
0.099	0.030	0.805	0.066
0.069	0.077	0.128	0.726
0.001	0.929	0.014	0.056
0.063	0.046	0.056	0.835
0.023	0.929	0.047	0.001
