>ATGAGTCA	1-ATGAGTCA	5.492572	-16503.524166	0	T:22278.0(24.45%),B:5328.7(5.92%),P:1e-7167	Tpos:101.5,Tstd:37.9,Bpos:99.0,Bstd:63.5,StrandBias:0.0,Multiplicity:1.17
0.656	0.151	0.164	0.029
0.001	0.001	0.001	0.997
0.001	0.001	0.966	0.032
0.996	0.002	0.001	0.001
0.073	0.237	0.624	0.066
0.001	0.001	0.001	0.997
0.025	0.973	0.001	0.001
0.997	0.001	0.001	0.001
>MTTAMTCA	2-MTTAMTCA	6.045690	-7453.054356	0	T:23791.0(26.11%),B:10291.7(11.44%),P:1e-3236	Tpos:100.5,Tstd:57.0,Bpos:100.6,Bstd:59.6,StrandBias:-0.0,Multiplicity:1.08
0.497	0.350	0.033	0.120
0.001	0.093	0.001	0.905
0.245	0.001	0.264	0.490
0.622	0.075	0.124	0.179
0.427	0.404	0.168	0.001
0.045	0.001	0.078	0.876
0.230	0.768	0.001	0.001
0.820	0.001	0.001	0.178
>WTGWGTCA	3-WTGWGTCA	5.699695	-6901.619684	0	T:35740.0(39.23%),B:19755.8(21.95%),P:1e-2997	Tpos:100.5,Tstd:51.6,Bpos:100.4,Bstd:62.0,StrandBias:-0.0,Multiplicity:1.17
0.365	0.130	0.186	0.319
0.001	0.015	0.056	0.928
0.095	0.001	0.756	0.148
0.390	0.141	0.001	0.468
0.092	0.001	0.906	0.001
0.051	0.241	0.001	0.707
0.258	0.726	0.001	0.015
0.984	0.014	0.001	0.001
>TGRCCTTG	4-TGRCCTTG	6.547622	-4125.561018	0	T:19530.0(21.44%),B:9883.4(10.98%),P:1e-1791	Tpos:100.7,Tstd:48.1,Bpos:100.1,Bstd:60.0,StrandBias:0.0,Multiplicity:1.13
0.182	0.302	0.018	0.497
0.294	0.001	0.669	0.036
0.454	0.026	0.334	0.187
0.001	0.963	0.001	0.035
0.041	0.932	0.026	0.001
0.001	0.015	0.001	0.983
0.062	0.115	0.019	0.804
0.126	0.121	0.695	0.058
>TGACCTTG	5-TGACCTTG	7.099070	-2116.024992	0	T:14703.0(16.14%),B:8374.9(9.31%),P:1e-918	Tpos:101.4,Tstd:51.4,Bpos:100.8,Bstd:58.6,StrandBias:-0.0,Multiplicity:1.05
0.001	0.020	0.119	0.860
0.039	0.001	0.857	0.103
0.602	0.292	0.105	0.001
0.001	0.896	0.001	0.102
0.001	0.911	0.087	0.001
0.011	0.132	0.001	0.856
0.099	0.025	0.035	0.841
0.016	0.206	0.602	0.176
>CGCCCTCT	6-CGCCCTCT	5.619872	-1923.255363	0	T:12678.0(13.91%),B:7064.2(7.85%),P:1e-835	Tpos:101.4,Tstd:45.2,Bpos:98.5,Bstd:58.1,StrandBias:0.0,Multiplicity:1.07
0.001	0.684	0.001	0.314
0.001	0.001	0.997	0.001
0.001	0.997	0.001	0.001
0.001	0.997	0.001	0.001
0.072	0.926	0.001	0.001
0.001	0.189	0.001	0.809
0.001	0.997	0.001	0.001
0.001	0.001	0.001	0.997
>YGGCAYTG	7-YGGCAYTG	6.392319	-1466.431030	0	T:18420.0(20.22%),B:12328.0(13.70%),P:1e-636	Tpos:100.2,Tstd:52.2,Bpos:99.2,Bstd:61.9,StrandBias:0.0,Multiplicity:1.07
0.001	0.461	0.001	0.537
0.001	0.001	0.805	0.193
0.001	0.001	0.599	0.399
0.001	0.727	0.184	0.088
0.654	0.344	0.001	0.001
0.001	0.514	0.001	0.484
0.147	0.113	0.001	0.739
0.227	0.001	0.768	0.004
>CCACTAGA	8-CCACTAGA	9.987567	-1101.219242	0	T:2162.0(2.37%),B:643.3(0.71%),P:1e-478	Tpos:102.0,Tstd:36.8,Bpos:102.8,Bstd:56.6,StrandBias:0.0,Multiplicity:1.01
0.001	0.997	0.001	0.001
0.001	0.997	0.001	0.001
0.997	0.001	0.001	0.001
0.001	0.997	0.001	0.001
0.001	0.001	0.001	0.997
0.997	0.001	0.001	0.001
0.001	0.001	0.997	0.001
0.659	0.001	0.339	0.001
>ATTAYTCA	9-ATTAYTCA	7.463186	-1055.425205	0	T:4882.0(5.36%),B:2342.8(2.60%),P:1e-458	Tpos:98.4,Tstd:54.1,Bpos:100.5,Bstd:61.1,StrandBias:0.1,Multiplicity:1.02
0.994	0.004	0.001	0.001
0.001	0.101	0.053	0.845
0.073	0.001	0.130	0.796
0.550	0.103	0.346	0.001
0.056	0.338	0.220	0.386
0.023	0.060	0.078	0.839
0.030	0.715	0.001	0.254
0.871	0.001	0.127	0.001
>WGATAACA	10-WGATAACA	6.304017	-882.864845	0	T:10008.0(10.98%),B:6432.9(7.15%),P:1e-383	Tpos:100.4,Tstd:55.9,Bpos:98.6,Bstd:58.0,StrandBias:-0.1,Multiplicity:1.05
0.539	0.065	0.001	0.395
0.001	0.001	0.997	0.001
0.997	0.001	0.001	0.001
0.001	0.001	0.001	0.997
0.997	0.001	0.001	0.001
0.997	0.001	0.001	0.001
0.228	0.527	0.244	0.001
0.534	0.241	0.224	0.001
>CWGATAAG	11-CWGATAAG	3.481375	-690.072813	0	T:4256.0(4.67%),B:2271.4(2.52%),P:1e-299	Tpos:100.2,Tstd:51.0,Bpos:98.7,Bstd:57.9,StrandBias:-0.0,Multiplicity:1.04
0.001	0.911	0.087	0.001
0.505	0.001	0.001	0.493
0.001	0.001	0.997	0.001
0.997	0.001	0.001	0.001
0.001	0.001	0.001	0.997
0.997	0.001	0.001	0.001
0.997	0.001	0.001	0.001
0.001	0.001	0.997	0.001
>YTGCCAAR	12-YTGCCAAR	6.546729	-686.727841	0	T:19157.0(21.03%),B:14707.6(16.34%),P:1e-298	Tpos:100.1,Tstd:53.6,Bpos:100.4,Bstd:61.4,StrandBias:-0.0,Multiplicity:1.13
0.100	0.471	0.001	0.428
0.107	0.001	0.001	0.891
0.001	0.001	0.997	0.001
0.001	0.635	0.363	0.001
0.001	0.997	0.001	0.001
0.959	0.039	0.001	0.001
0.779	0.001	0.219	0.001
0.368	0.132	0.499	0.001
>GCTGGCTR	13-GCTGGCTR	4.936117	-643.668460	0	T:55568.0(60.99%),B:49615.2(55.13%),P:1e-279	Tpos:100.5,Tstd:53.4,Bpos:100.4,Bstd:61.7,StrandBias:0.0,Multiplicity:1.56
0.127	0.044	0.640	0.189
0.001	0.997	0.001	0.001
0.001	0.011	0.001	0.987
0.001	0.001	0.997	0.001
0.131	0.045	0.823	0.001
0.001	0.721	0.147	0.131
0.250	0.284	0.001	0.465
0.424	0.059	0.354	0.163
>TGACATMA	14-TGACATMA	6.712438	-638.513136	0	T:8940.0(9.81%),B:6009.0(6.68%),P:1e-277	Tpos:100.7,Tstd:51.1,Bpos:97.2,Bstd:60.0,StrandBias:-0.0,Multiplicity:1.06
0.001	0.001	0.001	0.997
0.001	0.001	0.655	0.343
0.642	0.012	0.296	0.050
0.001	0.732	0.231	0.036
0.553	0.230	0.170	0.047
0.093	0.001	0.043	0.863
0.470	0.458	0.023	0.049
0.775	0.026	0.138	0.061
>TTGCRACA	15-TTGCRACA	5.403851	-625.858439	0	T:30496.0(33.47%),B:25314.9(28.13%),P:1e-271	Tpos:99.0,Tstd:57.3,Bpos:100.0,Bstd:58.9,StrandBias:0.0,Multiplicity:1.22
0.001	0.001	0.001	0.997
0.001	0.001	0.068	0.930
0.187	0.001	0.619	0.193
0.001	0.924	0.001	0.074
0.411	0.235	0.264	0.091
0.616	0.149	0.001	0.234
0.392	0.606	0.001	0.001
0.997	0.001	0.001	0.001
>CWCGTGAC	16-CWCGTGAC	7.274871	-454.406000	0	T:6971.0(7.65%),B:4757.5(5.29%),P:1e-197	Tpos:102.3,Tstd:50.5,Bpos:96.4,Bstd:61.5,StrandBias:-0.0,Multiplicity:1.04
0.001	0.997	0.001	0.001
0.491	0.001	0.001	0.507
0.190	0.598	0.001	0.211
0.001	0.001	0.997	0.001
0.001	0.001	0.001	0.997
0.001	0.260	0.738	0.001
0.811	0.001	0.187	0.001
0.001	0.639	0.001	0.359
>CGAGTCAT	17-CGAGTCAT	6.284458	-382.641304	0	T:7160.0(7.86%),B:5074.2(5.64%),P:1e-166	Tpos:101.3,Tstd:49.7,Bpos:99.7,Bstd:61.9,StrandBias:0.0,Multiplicity:1.05
0.210	0.633	0.156	0.001
0.047	0.089	0.803	0.061
0.963	0.035	0.001	0.001
0.034	0.057	0.857	0.052
0.001	0.001	0.001	0.997
0.001	0.988	0.001	0.010
0.997	0.001	0.001	0.001
0.009	0.071	0.020	0.900
>YYCCTCCC	18-YYCCTCCC	8.283842	-294.392963	0	T:14413.0(15.82%),B:11748.2(13.05%),P:1e-127	Tpos:101.1,Tstd:54.3,Bpos:99.2,Bstd:55.2,StrandBias:0.0,Multiplicity:1.19
0.001	0.454	0.001	0.544
0.001	0.497	0.001	0.501
0.001	0.997	0.001	0.001
0.001	0.997	0.001	0.001
0.001	0.263	0.128	0.608
0.001	0.629	0.001	0.369
0.001	0.997	0.001	0.001
0.001	0.997	0.001	0.001
>GGAAACCG	19-GGAAACCG	5.115417	-290.870651	0	T:22535.0(24.73%),B:19278.8(21.42%),P:1e-126	Tpos:99.7,Tstd:56.9,Bpos:100.6,Bstd:58.5,StrandBias:0.0,Multiplicity:1.14
0.119	0.086	0.596	0.199
0.063	0.080	0.766	0.091
0.708	0.045	0.182	0.065
0.784	0.049	0.065	0.102
0.843	0.051	0.057	0.049
0.022	0.840	0.051	0.087
0.170	0.649	0.061	0.120
0.109	0.011	0.818	0.062
>CTGGTGGC	20-CTGGTGGC	9.522859	-280.174460	0	T:2964.0(3.25%),B:1850.3(2.06%),P:1e-121	Tpos:99.1,Tstd:50.1,Bpos:100.1,Bstd:59.3,StrandBias:-0.0,Multiplicity:1.01
0.001	0.997	0.001	0.001
0.001	0.001	0.001	0.997
0.001	0.001	0.785	0.213
0.001	0.001	0.997	0.001
0.001	0.001	0.001	0.997
0.001	0.001	0.997	0.001
0.001	0.001	0.997	0.001
0.001	0.997	0.001	0.001
>GCCCCGCC	21-GCCCCGCC	8.295249	-264.119692	0	T:7079.0(7.77%),B:5316.3(5.91%),P:1e-114	Tpos:100.6,Tstd:50.9,Bpos:94.5,Bstd:59.2,StrandBias:-0.0,Multiplicity:1.30
0.078	0.001	0.839	0.082
0.001	0.952	0.001	0.046
0.001	0.939	0.001	0.059
0.111	0.887	0.001	0.001
0.001	0.997	0.001	0.001
0.001	0.001	0.997	0.001
0.001	0.997	0.001	0.001
0.001	0.997	0.001	0.001
>GCCCGGAA	22-GCCCGGAA	5.802445	-239.418922	0	T:12521.0(13.74%),B:10254.2(11.39%),P:1e-103	Tpos:99.6,Tstd:54.5,Bpos:99.3,Bstd:58.9,StrandBias:0.0,Multiplicity:1.10
0.063	0.029	0.785	0.123
0.139	0.808	0.036	0.017
0.001	0.897	0.101	0.001
0.063	0.783	0.094	0.060
0.001	0.001	0.997	0.001
0.001	0.001	0.997	0.001
0.895	0.027	0.050	0.028
0.921	0.001	0.077	0.001
>GCTGTAAT	23-GCTGTAAT	6.461619	-166.859971	0	T:7829.0(8.59%),B:6313.9(7.02%),P:1e-72	Tpos:100.3,Tstd:56.8,Bpos:101.3,Bstd:60.0,StrandBias:-0.1,Multiplicity:1.06
0.177	0.092	0.620	0.111
0.001	0.988	0.010	0.001
0.051	0.001	0.016	0.932
0.031	0.019	0.949	0.001
0.110	0.025	0.001	0.864
0.928	0.001	0.050	0.021
0.803	0.135	0.020	0.042
0.001	0.028	0.001	0.970
>CTATTTTT	24-CTATTTTT	8.149250	-158.335134	0	T:2773.0(3.04%),B:1932.2(2.15%),P:1e-68	Tpos:99.2,Tstd:59.6,Bpos:99.3,Bstd:58.9,StrandBias:0.1,Multiplicity:1.02
0.001	0.997	0.001	0.001
0.001	0.001	0.001	0.997
0.997	0.001	0.001	0.001
0.001	0.001	0.001	0.997
0.001	0.001	0.001	0.997
0.001	0.001	0.001	0.997
0.376	0.001	0.001	0.622
0.001	0.001	0.143	0.855
>GATAAAAA	25-GATAAAAA	5.118656	-123.407763	0	T:10975.0(12.05%),B:9399.7(10.44%),P:1e-53	Tpos:99.8,Tstd:64.7,Bpos:98.9,Bstd:57.8,StrandBias:-0.0,Multiplicity:1.12
0.012	0.001	0.986	0.001
0.776	0.001	0.218	0.005
0.356	0.001	0.001	0.642
0.997	0.001	0.001	0.001
0.997	0.001	0.001	0.001
0.873	0.125	0.001	0.001
0.997	0.001	0.001	0.001
0.992	0.006	0.001	0.001
