>ATGASTCAYHNH	1-ATGASTCAYHNH	5.684120	-18087.004930	0	T:20458.0(22.45%),B:4071.5(4.52%),P:1e-7855	Tpos:101.6,Tstd:36.5,Bpos:98.7,Bstd:61.9,StrandBias:-0.0,Multiplicity:1.14
0.442	0.268	0.269	0.021
0.001	0.001	0.001	0.997
0.001	0.001	0.974	0.024
0.995	0.001	0.001	0.003
0.077	0.419	0.443	0.062
0.001	0.001	0.001	0.997
0.018	0.980	0.001	0.001
0.997	0.001	0.001	0.001
0.013	0.297	0.249	0.441
0.277	0.305	0.135	0.283
0.230	0.314	0.221	0.235
0.268	0.249	0.157	0.325
>CCACTAGRKGGC	2-CCACTAGRKGGC	10.130637	-10101.613641	0	T:5577.0(6.12%),B:364.1(0.40%),P:1e-4387	Tpos:101.7,Tstd:28.3,Bpos:99.1,Bstd:59.1,StrandBias:0.0,Multiplicity:1.01
0.142	0.779	0.020	0.059
0.001	0.997	0.001	0.001
0.879	0.008	0.055	0.058
0.001	0.859	0.131	0.009
0.134	0.223	0.094	0.549
0.997	0.001	0.001	0.001
0.001	0.001	0.997	0.001
0.456	0.001	0.542	0.001
0.001	0.001	0.513	0.485
0.001	0.001	0.997	0.001
0.001	0.001	0.848	0.150
0.155	0.661	0.001	0.183
>YGCCCYCTDGTG	3-YGCCCYCTDGTG	8.292870	-7978.547090	0	T:10971.0(12.04%),B:2527.6(2.81%),P:1e-3465	Tpos:101.4,Tstd:39.5,Bpos:98.6,Bstd:57.2,StrandBias:-0.0,Multiplicity:1.03
0.005	0.521	0.026	0.448
0.067	0.050	0.742	0.141
0.083	0.818	0.047	0.052
0.010	0.948	0.001	0.041
0.374	0.551	0.027	0.048
0.007	0.502	0.022	0.469
0.001	0.971	0.013	0.015
0.118	0.109	0.050	0.723
0.323	0.060	0.345	0.273
0.063	0.349	0.516	0.072
0.148	0.117	0.054	0.681
0.003	0.007	0.986	0.004
>NNNYCAAGGTCA	4-NNNYCAAGGTCA	7.499122	-3960.959055	0	T:14861.0(16.31%),B:6717.6(7.46%),P:1e-1720	Tpos:101.1,Tstd:46.0,Bpos:100.8,Bstd:58.2,StrandBias:0.0,Multiplicity:1.10
0.312	0.210	0.242	0.236
0.235	0.204	0.253	0.309
0.173	0.284	0.277	0.266
0.128	0.319	0.113	0.441
0.065	0.802	0.132	0.001
0.997	0.001	0.001	0.001
0.867	0.001	0.131	0.001
0.001	0.001	0.997	0.001
0.001	0.001	0.997	0.001
0.234	0.255	0.105	0.405
0.001	0.912	0.001	0.086
0.756	0.058	0.001	0.185
>DATTKCAHAAYH	5-DATTKCAHAAYH	7.714305	-1244.843155	0	T:7971.0(8.75%),B:4346.9(4.83%),P:1e-540	Tpos:100.7,Tstd:53.7,Bpos:99.5,Bstd:58.6,StrandBias:-0.0,Multiplicity:1.08
0.245	0.172	0.218	0.364
0.486	0.223	0.291	0.001
0.001	0.001	0.001	0.997
0.001	0.001	0.001	0.997
0.202	0.001	0.388	0.409
0.001	0.997	0.001	0.001
0.593	0.152	0.001	0.254
0.324	0.374	0.008	0.294
0.689	0.309	0.001	0.001
0.997	0.001	0.001	0.001
0.030	0.330	0.167	0.473
0.312	0.307	0.135	0.246
>RATGAYTAAWCA	6-RATGAYTAAWCA	6.925141	-1214.617337	0	T:7492.0(8.22%),B:4029.8(4.48%),P:1e-527	Tpos:100.4,Tstd:54.8,Bpos:101.5,Bstd:58.5,StrandBias:0.0,Multiplicity:1.05
0.260	0.166	0.371	0.203
0.644	0.266	0.069	0.021
0.039	0.003	0.029	0.929
0.023	0.023	0.931	0.023
0.941	0.021	0.014	0.024
0.181	0.336	0.037	0.447
0.171	0.025	0.032	0.772
0.890	0.028	0.032	0.050
0.918	0.029	0.024	0.029
0.344	0.019	0.158	0.479
0.147	0.499	0.211	0.144
0.614	0.180	0.030	0.176
>AGATAANARCHN	7-AGATAANARCHN	4.297449	-769.121295	0	T:12857.0(14.11%),B:9009.9(10.01%),P:1e-334	Tpos:100.5,Tstd:54.6,Bpos:98.9,Bstd:56.9,StrandBias:-0.0,Multiplicity:1.12
0.609	0.004	0.007	0.380
0.001	0.001	0.997	0.001
0.997	0.001	0.001	0.001
0.001	0.001	0.001	0.997
0.997	0.001	0.001	0.001
0.997	0.001	0.001	0.001
0.204	0.205	0.304	0.286
0.743	0.183	0.066	0.008
0.309	0.111	0.400	0.180
0.208	0.494	0.150	0.148
0.240	0.326	0.141	0.293
0.261	0.182	0.256	0.302
>GGCABNVWGCCA	8-GGCABNVWGCCA	7.635958	-679.034587	0	T:8875.0(9.74%),B:5877.7(6.53%),P:1e-294	Tpos:100.4,Tstd:52.0,Bpos:99.7,Bstd:59.2,StrandBias:-0.0,Multiplicity:1.06
0.001	0.001	0.997	0.001
0.001	0.001	0.808	0.190
0.328	0.670	0.001	0.001
0.545	0.084	0.001	0.370
0.162	0.318	0.312	0.208
0.231	0.282	0.250	0.237
0.220	0.340	0.258	0.183
0.357	0.001	0.157	0.484
0.001	0.001	0.640	0.358
0.001	0.997	0.001	0.001
0.001	0.997	0.001	0.001
0.474	0.261	0.001	0.264
>GGGCGGGGCCNR	9-GGGCGGGGCCNR	8.394291	-512.695034	0	T:8525.0(9.36%),B:5924.6(6.58%),P:1e-222	Tpos:101.7,Tstd:49.0,Bpos:94.2,Bstd:55.9,StrandBias:0.0,Multiplicity:1.34
0.210	0.001	0.760	0.029
0.001	0.001	0.997	0.001
0.001	0.001	0.997	0.001
0.289	0.684	0.003	0.024
0.001	0.016	0.933	0.050
0.006	0.005	0.775	0.214
0.207	0.002	0.787	0.004
0.148	0.107	0.743	0.002
0.124	0.745	0.001	0.130
0.096	0.556	0.119	0.229
0.264	0.176	0.237	0.323
0.249	0.192	0.371	0.187
>NRRTGASSTCAY	10-NRRTGASSTCAY	9.039585	-441.917381	0	T:2806.0(3.08%),B:1508.5(1.68%),P:1e-191	Tpos:101.2,Tstd:44.0,Bpos:98.3,Bstd:60.8,StrandBias:0.0,Multiplicity:1.03
0.275	0.252	0.306	0.166
0.377	0.167	0.448	0.007
0.432	0.203	0.363	0.001
0.001	0.001	0.001	0.997
0.001	0.001	0.997	0.001
0.997	0.001	0.001	0.001
0.075	0.389	0.340	0.196
0.201	0.331	0.405	0.064
0.001	0.001	0.001	0.997
0.001	0.997	0.001	0.001
0.997	0.001	0.001	0.001
0.001	0.348	0.218	0.432
>BDATGTGTCATH	11-BDATGTGTCATH	8.574132	-420.726484	0	T:2817.0(3.09%),B:1541.0(1.71%),P:1e-182	Tpos:101.6,Tstd:45.4,Bpos:102.6,Bstd:59.1,StrandBias:-0.1,Multiplicity:1.02
0.177	0.235	0.343	0.245
0.217	0.152	0.320	0.312
0.456	0.199	0.232	0.114
0.131	0.001	0.003	0.865
0.002	0.063	0.925	0.010
0.001	0.004	0.005	0.990
0.004	0.155	0.826	0.015
0.082	0.004	0.030	0.884
0.011	0.983	0.003	0.003
0.959	0.021	0.003	0.017
0.014	0.299	0.225	0.463
0.291	0.376	0.081	0.252
>GCTATTTTTAGC	12-GCTATTTTTAGC	7.950720	-365.400971	0	T:2403.0(2.64%),B:1306.2(1.45%),P:1e-158	Tpos:99.4,Tstd:56.2,Bpos:98.7,Bstd:56.7,StrandBias:-0.1,Multiplicity:1.02
0.062	0.067	0.555	0.316
0.001	0.818	0.028	0.153
0.003	0.001	0.001	0.995
0.899	0.007	0.048	0.046
0.005	0.001	0.001	0.993
0.020	0.001	0.001	0.978
0.015	0.011	0.001	0.973
0.280	0.007	0.001	0.712
0.119	0.025	0.011	0.845
0.979	0.001	0.010	0.010
0.041	0.031	0.701	0.227
0.157	0.624	0.090	0.129
>GCCTTGACCTTT	13-GCCTTGACCTTT	9.642492	-351.732241	0	T:1173.0(1.29%),B:481.4(0.53%),P:1e-152	Tpos:102.6,Tstd:51.5,Bpos:93.2,Bstd:57.1,StrandBias:0.2,Multiplicity:1.00
0.167	0.048	0.680	0.105
0.036	0.892	0.022	0.050
0.035	0.905	0.009	0.051
0.096	0.084	0.029	0.791
0.019	0.024	0.046	0.911
0.031	0.034	0.907	0.028
0.730	0.072	0.109	0.089
0.092	0.787	0.081	0.040
0.148	0.791	0.019	0.042
0.016	0.032	0.006	0.946
0.025	0.109	0.079	0.787
0.023	0.073	0.030	0.874
>CGGCCTTGTAAC	14-CGGCCTTGTAAC	7.155180	-341.911821	0	T:5016.0(5.51%),B:3382.2(3.76%),P:1e-148	Tpos:100.3,Tstd:52.5,Bpos:101.6,Bstd:59.7,StrandBias:-0.0,Multiplicity:1.03
0.096	0.680	0.116	0.108
0.138	0.047	0.639	0.176
0.036	0.063	0.834	0.067
0.038	0.870	0.057	0.035
0.041	0.850	0.025	0.084
0.061	0.114	0.037	0.788
0.044	0.052	0.115	0.789
0.031	0.083	0.808	0.078
0.127	0.094	0.165	0.614
0.644	0.132	0.162	0.062
0.741	0.083	0.111	0.065
0.086	0.744	0.098	0.072
>CCAAGGCTGTAA	15-CCAAGGCTGTAA	8.803978	-337.686096	0	T:2992.0(3.28%),B:1782.0(1.98%),P:1e-146	Tpos:100.4,Tstd:49.9,Bpos:101.4,Bstd:60.2,StrandBias:-0.0,Multiplicity:1.02
0.055	0.629	0.078	0.238
0.006	0.959	0.007	0.028
0.909	0.079	0.003	0.009
0.816	0.008	0.115	0.061
0.058	0.004	0.919	0.019
0.032	0.034	0.900	0.034
0.064	0.837	0.033	0.066
0.017	0.055	0.006	0.922
0.101	0.059	0.824	0.016
0.233	0.163	0.194	0.410
0.438	0.168	0.253	0.141
0.519	0.116	0.194	0.171
>GAAASTGAAASY	16-GAAASTGAAASY	10.504045	-279.089779	0	T:1332.0(1.46%),B:643.2(0.71%),P:1e-121	Tpos:100.6,Tstd:55.3,Bpos:98.5,Bstd:59.1,StrandBias:0.0,Multiplicity:1.03
0.248	0.130	0.431	0.191
0.794	0.001	0.204	0.001
0.884	0.001	0.114	0.001
0.997	0.001	0.001	0.001
0.189	0.388	0.423	0.001
0.286	0.054	0.008	0.652
0.001	0.001	0.997	0.001
0.988	0.001	0.010	0.001
0.997	0.001	0.001	0.001
0.997	0.001	0.001	0.001
0.074	0.423	0.502	0.001
0.088	0.438	0.030	0.443
>CTATCCAATCAG	17-CTATCCAATCAG	12.570735	-158.580078	0	T:63.0(0.07%),B:2.6(0.00%),P:1e-68	Tpos:98.2,Tstd:38.3,Bpos:82.8,Bstd:63.9,StrandBias:0.0,Multiplicity:1.00
0.097	0.748	0.001	0.154
0.001	0.001	0.001	0.997
0.997	0.001	0.001	0.001
0.001	0.001	0.001	0.997
0.001	0.997	0.001	0.001
0.194	0.612	0.097	0.097
0.997	0.001	0.001	0.001
0.800	0.198	0.001	0.001
0.001	0.001	0.001	0.997
0.001	0.997	0.001	0.001
0.708	0.001	0.194	0.097
0.001	0.001	0.997	0.001
>GACAGGACGCCC	18-GACAGGACGCCC	11.570463	-155.141194	0	T:62.0(0.07%),B:2.9(0.00%),P:1e-67	Tpos:104.7,Tstd:53.5,Bpos:99.0,Bstd:56.2,StrandBias:0.0,Multiplicity:1.02
0.001	0.001	0.994	0.004
0.997	0.001	0.001	0.001
0.029	0.969	0.001	0.001
0.997	0.001	0.001	0.001
0.057	0.001	0.941	0.001
0.029	0.001	0.969	0.001
0.997	0.001	0.001	0.001
0.001	0.997	0.001	0.001
0.116	0.001	0.882	0.001
0.001	0.997	0.001	0.001
0.137	0.861	0.001	0.001
0.001	0.997	0.001	0.001
>GTGCGTCATCCG	19-GTGCGTCATCCG	10.356927	-114.497580	0	T:170.0(0.19%),B:41.7(0.05%),P:1e-49	Tpos:103.1,Tstd:44.5,Bpos:93.4,Bstd:47.5,StrandBias:0.1,Multiplicity:1.00
0.180	0.001	0.726	0.093
0.069	0.079	0.173	0.679
0.016	0.008	0.968	0.008
0.001	0.912	0.024	0.063
0.008	0.008	0.976	0.008
0.016	0.096	0.032	0.856
0.008	0.983	0.008	0.001
0.837	0.138	0.008	0.017
0.001	0.196	0.150	0.653
0.001	0.849	0.103	0.047
0.215	0.616	0.024	0.145
0.167	0.106	0.707	0.020
>GAGTGATAGAAG	20-GAGTGATAGAAG	11.466488	-103.333098	0	T:58.0(0.06%),B:4.7(0.01%),P:1e-44	Tpos:92.5,Tstd:56.6,Bpos:148.8,Bstd:29.0,StrandBias:-0.7,Multiplicity:1.00
0.034	0.107	0.635	0.224
0.912	0.001	0.064	0.023
0.358	0.012	0.607	0.023
0.034	0.346	0.011	0.609
0.312	0.057	0.597	0.034
0.965	0.012	0.001	0.022
0.022	0.318	0.023	0.637
0.640	0.066	0.034	0.260
0.322	0.034	0.611	0.033
0.954	0.011	0.001	0.034
0.676	0.218	0.057	0.049
0.063	0.001	0.924	0.012
>CGTGAGTAATGG	21-CGTGAGTAATGG	10.945867	-95.399367	0	T:88.0(0.10%),B:13.5(0.01%),P:1e-41	Tpos:102.5,Tstd:46.4,Bpos:108.3,Bstd:76.4,StrandBias:0.1,Multiplicity:1.00
0.144	0.651	0.052	0.153
0.052	0.103	0.779	0.066
0.051	0.028	0.063	0.858
0.036	0.028	0.896	0.040
0.859	0.028	0.047	0.066
0.051	0.044	0.850	0.055
0.079	0.041	0.090	0.790
0.834	0.032	0.059	0.075
0.928	0.020	0.028	0.024
0.111	0.047	0.032	0.810
0.072	0.016	0.876	0.036
0.024	0.048	0.876	0.052
>TCAGCACGGCGG	22-TCAGCACGGCGG	11.424732	-90.335135	0	T:48.0(0.05%),B:3.8(0.00%),P:1e-39	Tpos:109.3,Tstd:39.9,Bpos:106.8,Bstd:63.9,StrandBias:-0.1,Multiplicity:1.00
0.357	0.022	0.055	0.566
0.078	0.607	0.031	0.284
0.840	0.052	0.035	0.073
0.044	0.013	0.905	0.038
0.040	0.831	0.013	0.116
0.920	0.035	0.029	0.016
0.041	0.861	0.054	0.044
0.210	0.279	0.446	0.064
0.263	0.016	0.477	0.244
0.140	0.576	0.148	0.136
0.059	0.233	0.637	0.071
0.051	0.022	0.795	0.132
>CTGCGACCTTGA	23-CTGCGACCTTGA	10.641644	-89.619983	0	T:114.0(0.13%),B:24.4(0.03%),P:1e-38	Tpos:103.8,Tstd:45.9,Bpos:75.3,Bstd:42.3,StrandBias:-0.4,Multiplicity:1.00
0.044	0.834	0.056	0.066
0.124	0.049	0.059	0.768
0.046	0.070	0.838	0.046
0.111	0.594	0.112	0.183
0.127	0.128	0.665	0.080
0.666	0.099	0.091	0.144
0.076	0.781	0.075	0.068
0.065	0.831	0.038	0.066
0.079	0.085	0.085	0.751
0.073	0.069	0.101	0.757
0.044	0.126	0.785	0.045
0.730	0.087	0.106	0.077
>ATTGGACGGTTC	24-ATTGGACGGTTC	11.197296	-87.713039	0	T:68.0(0.07%),B:8.5(0.01%),P:1e-38	Tpos:99.4,Tstd:35.7,Bpos:71.5,Bstd:53.6,StrandBias:-0.3,Multiplicity:1.01
0.818	0.044	0.090	0.048
0.059	0.054	0.035	0.852
0.035	0.020	0.040	0.905
0.048	0.020	0.917	0.015
0.040	0.069	0.867	0.024
0.800	0.086	0.069	0.045
0.048	0.782	0.054	0.116
0.181	0.030	0.681	0.108
0.029	0.030	0.892	0.049
0.025	0.090	0.044	0.841
0.025	0.035	0.059	0.881
0.024	0.775	0.020	0.181
>AAAAAAAAAAAA	25-AAAAAAAAAAAA	11.248722	-66.485752	0	T:1549.0(1.70%),B:1136.9(1.26%),P:1e-28	Tpos:98.6,Tstd:65.0,Bpos:96.7,Bstd:56.2,StrandBias:-0.0,Multiplicity:1.02
0.633	0.001	0.346	0.020
0.722	0.038	0.239	0.001
0.883	0.001	0.115	0.001
0.925	0.001	0.073	0.001
0.997	0.001	0.001	0.001
0.932	0.001	0.001	0.066
0.837	0.090	0.001	0.072
0.782	0.181	0.001	0.036
0.841	0.090	0.001	0.068
0.713	0.144	0.046	0.097
0.806	0.192	0.001	0.001
0.583	0.153	0.138	0.126
