>KATGACTCAT	1-KATGACTCAT	6.434885	-18502.354224	0	T:19966.0(21.91%),B:3767.1(4.19%),P:1e-8035	Tpos:101.7,Tstd:36.2,Bpos:98.6,Bstd:63.0,StrandBias:0.0,Multiplicity:1.14
0.220	0.148	0.248	0.384
0.596	0.166	0.209	0.029
0.001	0.003	0.001	0.995
0.001	0.001	0.949	0.049
0.991	0.001	0.005	0.003
0.089	0.576	0.250	0.085
0.008	0.001	0.008	0.983
0.054	0.942	0.003	0.001
0.995	0.001	0.002	0.002
0.042	0.197	0.173	0.588
>ATGASTCATH	2-ATGASTCATH	5.021283	-8432.652550	0	T:35585.0(39.06%),B:18236.1(20.26%),P:1e-3662	Tpos:100.0,Tstd:50.6,Bpos:101.0,Bstd:60.2,StrandBias:0.0,Multiplicity:1.15
0.453	0.193	0.285	0.069
0.004	0.024	0.001	0.971
0.053	0.001	0.754	0.192
0.782	0.050	0.058	0.110
0.141	0.412	0.318	0.129
0.100	0.119	0.075	0.706
0.246	0.645	0.013	0.096
0.898	0.001	0.072	0.029
0.080	0.212	0.219	0.489
0.238	0.366	0.178	0.218
>CCCTCTAGTG	3-CCCTCTAGTG	7.073213	-5768.010318	0	T:6590.0(7.23%),B:1238.8(1.38%),P:1e-2504	Tpos:102.0,Tstd:33.0,Bpos:98.2,Bstd:54.4,StrandBias:-0.0,Multiplicity:1.02
0.007	0.988	0.001	0.004
0.001	0.997	0.001	0.001
0.329	0.669	0.001	0.001
0.001	0.130	0.001	0.868
0.001	0.997	0.001	0.001
0.001	0.001	0.001	0.997
0.824	0.013	0.117	0.046
0.001	0.036	0.962	0.001
0.019	0.034	0.001	0.946
0.001	0.001	0.997	0.001
>YYCAAGGTCA	4-YYCAAGGTCA	6.639168	-4756.300141	0	T:18948.0(20.80%),B:8920.0(9.91%),P:1e-2065	Tpos:101.2,Tstd:47.3,Bpos:100.0,Bstd:58.8,StrandBias:0.0,Multiplicity:1.12
0.102	0.257	0.243	0.398
0.151	0.331	0.101	0.417
0.090	0.703	0.170	0.037
0.945	0.001	0.019	0.035
0.884	0.017	0.085	0.014
0.001	0.010	0.970	0.019
0.003	0.001	0.987	0.009
0.248	0.196	0.044	0.512
0.001	0.832	0.009	0.158
0.610	0.067	0.218	0.105
>CMYCTAGTGG	5-CMYCTAGTGG	7.860404	-4442.846300	0	T:8580.0(9.42%),B:2582.3(2.87%),P:1e-1929	Tpos:101.0,Tstd:44.9,Bpos:99.9,Bstd:59.2,StrandBias:0.0,Multiplicity:1.01
0.007	0.898	0.064	0.031
0.442	0.326	0.152	0.080
0.001	0.478	0.074	0.447
0.001	0.883	0.054	0.062
0.090	0.127	0.084	0.699
0.471	0.010	0.294	0.225
0.045	0.295	0.574	0.086
0.102	0.248	0.001	0.649
0.012	0.001	0.968	0.019
0.006	0.001	0.992	0.001
>YBATGACTAA	6-YBATGACTAA	6.595668	-2636.535007	0	T:6739.0(7.40%),B:2422.3(2.69%),P:1e-1145	Tpos:101.1,Tstd:47.4,Bpos:99.2,Bstd:61.5,StrandBias:0.0,Multiplicity:1.04
0.195	0.381	0.167	0.256
0.158	0.310	0.332	0.199
0.500	0.279	0.218	0.003
0.001	0.001	0.001	0.997
0.001	0.001	0.997	0.001
0.997	0.001	0.001	0.001
0.005	0.825	0.133	0.037
0.001	0.001	0.001	0.997
0.993	0.001	0.001	0.005
0.991	0.001	0.003	0.005
>CACCAGGGGG	7-CACCAGGGGG	9.341086	-2263.228443	0	T:4747.0(5.21%),B:1492.0(1.66%),P:1e-982	Tpos:100.4,Tstd:42.9,Bpos:100.2,Bstd:59.5,StrandBias:-0.0,Multiplicity:1.01
0.001	0.971	0.001	0.027
0.612	0.001	0.386	0.001
0.001	0.659	0.263	0.077
0.001	0.747	0.203	0.049
0.929	0.001	0.069	0.001
0.001	0.001	0.997	0.001
0.258	0.001	0.740	0.001
0.001	0.001	0.740	0.258
0.001	0.001	0.997	0.001
0.001	0.001	0.997	0.001
>RTTATGCAAT	8-RTTATGCAAT	5.959897	-1626.065347	0	T:10228.0(11.23%),B:5576.2(6.20%),P:1e-706	Tpos:100.8,Tstd:52.1,Bpos:99.4,Bstd:59.1,StrandBias:0.0,Multiplicity:1.09
0.442	0.171	0.386	0.001
0.001	0.001	0.001	0.997
0.001	0.001	0.341	0.657
0.502	0.001	0.240	0.257
0.053	0.281	0.043	0.623
0.001	0.001	0.997	0.001
0.064	0.831	0.001	0.104
0.997	0.001	0.001	0.001
0.997	0.001	0.001	0.001
0.001	0.230	0.232	0.537
>AGATAAGVNN	9-AGATAAGVNN	7.528032	-892.200339	0	T:7031.0(7.72%),B:4081.7(4.54%),P:1e-387	Tpos:100.1,Tstd:53.3,Bpos:97.1,Bstd:57.4,StrandBias:-0.1,Multiplicity:1.08
0.596	0.017	0.010	0.377
0.001	0.001	0.997	0.001
0.943	0.055	0.001	0.001
0.001	0.001	0.001	0.997
0.831	0.001	0.001	0.167
0.985	0.001	0.013	0.001
0.241	0.239	0.486	0.034
0.355	0.256	0.308	0.081
0.219	0.200	0.305	0.276
0.255	0.225	0.248	0.272
>NNYTGSCARV	10-NNYTGSCARV	5.977239	-713.445132	0	T:21867.0(24.00%),B:17062.5(18.96%),P:1e-309	Tpos:100.6,Tstd:52.8,Bpos:100.2,Bstd:61.9,StrandBias:-0.0,Multiplicity:1.15
0.259	0.242	0.256	0.243
0.242	0.277	0.236	0.246
0.056	0.430	0.060	0.454
0.360	0.062	0.061	0.517
0.069	0.080	0.800	0.051
0.028	0.490	0.434	0.047
0.051	0.784	0.106	0.059
0.828	0.001	0.066	0.105
0.478	0.041	0.445	0.035
0.313	0.351	0.315	0.021
>AGCGCCACCT	11-AGCGCCACCT	9.523225	-680.930865	0	T:1141.0(1.25%),B:300.5(0.33%),P:1e-295	Tpos:100.8,Tstd:45.3,Bpos:95.0,Bstd:57.9,StrandBias:-0.2,Multiplicity:1.01
0.997	0.001	0.001	0.001
0.001	0.001	0.997	0.001
0.001	0.997	0.001	0.001
0.001	0.001	0.997	0.001
0.121	0.877	0.001	0.001
0.001	0.997	0.001	0.001
0.682	0.188	0.001	0.129
0.001	0.903	0.001	0.095
0.001	0.942	0.056	0.001
0.001	0.001	0.001	0.997
>GGCCCCGCCC	12-GGCCCCGCCC	7.640725	-541.505887	0	T:12406.0(13.62%),B:9164.4(10.18%),P:1e-235	Tpos:101.3,Tstd:49.7,Bpos:94.7,Bstd:56.4,StrandBias:-0.0,Multiplicity:1.39
0.213	0.117	0.511	0.159
0.209	0.001	0.625	0.165
0.022	0.750	0.041	0.187
0.120	0.626	0.001	0.253
0.192	0.798	0.001	0.009
0.001	0.946	0.001	0.052
0.060	0.001	0.670	0.269
0.001	0.991	0.001	0.007
0.001	0.997	0.001	0.001
0.001	0.856	0.001	0.142
>RVTGACGTCA	13-RVTGACGTCA	6.831141	-538.437296	0	T:6211.0(6.82%),B:3979.7(4.42%),P:1e-233	Tpos:100.7,Tstd:47.1,Bpos:97.7,Bstd:60.8,StrandBias:-0.0,Multiplicity:1.04
0.415	0.144	0.320	0.121
0.406	0.273	0.294	0.028
0.010	0.005	0.013	0.972
0.101	0.044	0.789	0.066
0.904	0.055	0.007	0.034
0.029	0.636	0.245	0.090
0.097	0.310	0.592	0.001
0.005	0.060	0.016	0.919
0.062	0.842	0.015	0.081
0.808	0.043	0.074	0.075
>CCAAGGCTGT	14-CCAAGGCTGT	8.584394	-407.868168	0	T:2646.0(2.90%),B:1432.6(1.59%),P:1e-177	Tpos:100.1,Tstd:48.9,Bpos:102.8,Bstd:60.4,StrandBias:0.1,Multiplicity:1.02
0.010	0.847	0.001	0.142
0.001	0.997	0.001	0.001
0.951	0.023	0.025	0.001
0.970	0.001	0.028	0.001
0.001	0.027	0.958	0.014
0.009	0.020	0.970	0.001
0.001	0.885	0.001	0.113
0.012	0.045	0.010	0.933
0.049	0.032	0.918	0.001
0.087	0.085	0.192	0.636
>TTGWGYAACA	15-TTGWGYAACA	7.759689	-335.025327	0	T:1260.0(1.38%),B:548.8(0.61%),P:1e-145	Tpos:100.2,Tstd:54.4,Bpos:97.4,Bstd:61.7,StrandBias:-0.1,Multiplicity:1.01
0.118	0.056	0.077	0.749
0.180	0.206	0.051	0.563
0.098	0.001	0.844	0.057
0.285	0.113	0.198	0.404
0.078	0.268	0.653	0.001
0.126	0.393	0.001	0.480
0.955	0.043	0.001	0.001
0.769	0.137	0.001	0.093
0.001	0.468	0.237	0.295
0.516	0.152	0.331	0.001
>CTAAAAATAG	16-CTAAAAATAG	9.355914	-295.518541	0	T:1202.0(1.32%),B:542.4(0.60%),P:1e-128	Tpos:100.6,Tstd:53.8,Bpos:100.1,Bstd:56.9,StrandBias:0.1,Multiplicity:1.01
0.106	0.767	0.074	0.053
0.008	0.012	0.001	0.979
0.887	0.023	0.039	0.051
0.821	0.001	0.001	0.177
0.969	0.001	0.008	0.022
0.954	0.005	0.001	0.040
0.975	0.001	0.001	0.023
0.015	0.001	0.001	0.983
0.981	0.017	0.001	0.001
0.155	0.055	0.779	0.011
>GCCAGGCCTG	17-GCCAGGCCTG	7.041840	-288.136537	0	T:16544.0(18.16%),B:13724.6(15.25%),P:1e-125	Tpos:99.5,Tstd:52.6,Bpos:100.2,Bstd:61.1,StrandBias:0.0,Multiplicity:1.16
0.001	0.107	0.789	0.103
0.001	0.932	0.001	0.066
0.036	0.834	0.001	0.129
0.707	0.032	0.096	0.165
0.122	0.001	0.876	0.001
0.001	0.269	0.729	0.001
0.001	0.673	0.325	0.001
0.062	0.834	0.040	0.064
0.190	0.063	0.034	0.713
0.051	0.036	0.738	0.175
>STTTCGSTTT	18-STTTCGSTTT	7.730279	-282.728999	0	T:3489.0(3.83%),B:2261.7(2.51%),P:1e-122	Tpos:101.5,Tstd:57.2,Bpos:98.6,Bstd:57.4,StrandBias:-0.0,Multiplicity:1.04
0.006	0.477	0.489	0.028
0.024	0.048	0.067	0.861
0.046	0.009	0.122	0.823
0.031	0.128	0.081	0.760
0.032	0.966	0.001	0.001
0.173	0.086	0.521	0.220
0.059	0.335	0.440	0.166
0.123	0.051	0.013	0.813
0.033	0.075	0.058	0.834
0.050	0.085	0.043	0.822
>GYACAGTCAT	19-GYACAGTCAT	8.231227	-266.641883	0	T:2476.0(2.72%),B:1493.6(1.66%),P:1e-115	Tpos:101.6,Tstd:48.2,Bpos:100.1,Bstd:61.3,StrandBias:0.0,Multiplicity:1.01
0.188	0.001	0.810	0.001
0.212	0.372	0.001	0.415
0.527	0.180	0.159	0.134
0.001	0.730	0.202	0.067
0.665	0.001	0.001	0.333
0.001	0.086	0.912	0.001
0.001	0.001	0.001	0.997
0.273	0.717	0.001	0.009
0.997	0.001	0.001	0.001
0.001	0.130	0.090	0.779
>TCCCTCCCCC	20-TCCCTCCCCC	8.685962	-227.821750	0	T:6687.0(7.34%),B:5085.0(5.65%),P:1e-98	Tpos:99.6,Tstd:54.3,Bpos:100.2,Bstd:53.8,StrandBias:0.0,Multiplicity:1.06
0.156	0.209	0.001	0.634
0.001	0.596	0.001	0.402
0.001	0.851	0.001	0.147
0.001	0.660	0.001	0.338
0.001	0.001	0.001	0.997
0.001	0.816	0.001	0.182
0.001	0.997	0.001	0.001
0.001	0.846	0.001	0.152
0.154	0.443	0.270	0.134
0.001	0.487	0.290	0.222
>TGACCTAGTT	21-TGACCTAGTT	9.692071	-166.534591	0	T:522.0(0.57%),B:209.0(0.23%),P:1e-72	Tpos:101.7,Tstd:49.5,Bpos:97.6,Bstd:65.2,StrandBias:0.2,Multiplicity:1.00
0.001	0.001	0.001	0.997
0.038	0.001	0.960	0.001
0.914	0.040	0.035	0.011
0.001	0.997	0.001	0.001
0.001	0.945	0.047	0.007
0.001	0.037	0.006	0.956
0.940	0.058	0.001	0.001
0.001	0.256	0.666	0.077
0.151	0.014	0.001	0.834
0.001	0.018	0.001	0.980
>AAAAAAAAAA	22-AAAAAAAAAA	8.155766	-64.004963	0	T:3121.0(3.43%),B:2522.6(2.80%),P:1e-27	Tpos:100.4,Tstd:66.0,Bpos:97.1,Bstd:56.7,StrandBias:-0.1,Multiplicity:1.03
0.883	0.001	0.115	0.001
0.949	0.001	0.037	0.013
0.967	0.001	0.031	0.001
0.982	0.001	0.001	0.016
0.997	0.001	0.001	0.001
0.997	0.001	0.001	0.001
0.997	0.001	0.001	0.001
0.948	0.021	0.001	0.030
0.958	0.001	0.040	0.001
0.853	0.034	0.074	0.039
>TCAAGGGCGG	23-TCAAGGGCGG	11.498142	-46.379405	0	T:73.0(0.08%),B:19.2(0.02%),P:1e-20	Tpos:108.5,Tstd:43.9,Bpos:98.8,Bstd:60.6,StrandBias:0.1,Multiplicity:1.02
0.352	0.001	0.001	0.646
0.001	0.997	0.001	0.001
0.997	0.001	0.001	0.001
0.997	0.001	0.001	0.001
0.001	0.001	0.849	0.149
0.001	0.001	0.997	0.001
0.001	0.001	0.997	0.001
0.001	0.997	0.001	0.001
0.001	0.001	0.997	0.001
0.001	0.001	0.997	0.001
>TCCCGTAGGG	24-TCCCGTAGGG	8.874057	-42.314610	0	T:25.0(0.03%),B:2.7(0.00%),P:1e-18	Tpos:114.1,Tstd:45.3,Bpos:90.2,Bstd:34.7,StrandBias:0.3,Multiplicity:1.00
0.001	0.001	0.001	0.997
0.001	0.997	0.001	0.001
0.001	0.997	0.001	0.001
0.001	0.997	0.001	0.001
0.001	0.001	0.997	0.001
0.001	0.001	0.001	0.997
0.997	0.001	0.001	0.001
0.001	0.007	0.991	0.001
0.001	0.001	0.997	0.001
0.001	0.001	0.997	0.001
>GTCATCTTAG	25-GTCATCTTAG	10.296193	-14.633402	0	T:40.0(0.04%),B:16.6(0.02%),P:1e-6	Tpos:107.9,Tstd:55.6,Bpos:97.1,Bstd:32.1,StrandBias:-0.7,Multiplicity:1.00
0.100	0.100	0.700	0.100
0.100	0.100	0.100	0.700
0.100	0.700	0.100	0.100
0.700	0.100	0.100	0.100
0.100	0.100	0.100	0.700
0.100	0.700	0.100	0.100
0.100	0.100	0.100	0.700
0.100	0.100	0.100	0.700
0.700	0.100	0.100	0.100
0.100	0.100	0.700	0.100
