>KATGACTCAT	1-KATGACTCAT	6.434885	-18502.354224	0	T:19966.0(21.91%),B:3767.1(4.19%),P:1e-8035	Tpos:101.7,Tstd:36.2,Bpos:98.6,Bstd:63.0,StrandBias:0.0,Multiplicity:1.14
0.220	0.148	0.248	0.384
0.596	0.166	0.209	0.029
0.001	0.003	0.001	0.995
0.001	0.001	0.949	0.049
0.991	0.001	0.005	0.003
0.089	0.576	0.250	0.085
0.008	0.001	0.008	0.983
0.054	0.942	0.003	0.001
0.995	0.001	0.002	0.002
0.042	0.197	0.173	0.588
>ATGASTCATH	2-ATGASTCATH	5.021283	-8432.652550	0	T:35585.0(39.06%),B:18236.1(20.26%),P:1e-3662	Tpos:100.0,Tstd:50.6,Bpos:101.0,Bstd:60.2,StrandBias:0.0,Multiplicity:1.15
0.453	0.193	0.285	0.069
0.004	0.024	0.001	0.971
0.053	0.001	0.754	0.192
0.782	0.050	0.058	0.110
0.141	0.412	0.318	0.129
0.100	0.119	0.075	0.706
0.246	0.645	0.013	0.096
0.898	0.001	0.072	0.029
0.080	0.212	0.219	0.489
0.238	0.366	0.178	0.218
>CCCTCTAGTG	3-CCCTCTAGTG	7.073213	-5768.010318	0	T:6590.0(7.23%),B:1238.8(1.38%),P:1e-2504	Tpos:102.0,Tstd:33.0,Bpos:98.2,Bstd:54.4,StrandBias:-0.0,Multiplicity:1.02
0.007	0.988	0.001	0.004
0.001	0.997	0.001	0.001
0.329	0.669	0.001	0.001
0.001	0.130	0.001	0.868
0.001	0.997	0.001	0.001
0.001	0.001	0.001	0.997
0.824	0.013	0.117	0.046
0.001	0.036	0.962	0.001
0.019	0.034	0.001	0.946
0.001	0.001	0.997	0.001
>YYCAAGGTCA	4-YYCAAGGTCA	6.639168	-4756.300141	0	T:18948.0(20.80%),B:8920.0(9.91%),P:1e-2065	Tpos:101.2,Tstd:47.3,Bpos:100.0,Bstd:58.8,StrandBias:0.0,Multiplicity:1.12
0.102	0.257	0.243	0.398
0.151	0.331	0.101	0.417
0.090	0.703	0.170	0.037
0.945	0.001	0.019	0.035
0.884	0.017	0.085	0.014
0.001	0.010	0.970	0.019
0.003	0.001	0.987	0.009
0.248	0.196	0.044	0.512
0.001	0.832	0.009	0.158
0.610	0.067	0.218	0.105
>CMYCTAGTGG	5-CMYCTAGTGG	7.860404	-4442.846300	0	T:8580.0(9.42%),B:2582.3(2.87%),P:1e-1929	Tpos:101.0,Tstd:44.9,Bpos:99.9,Bstd:59.2,StrandBias:0.0,Multiplicity:1.01
0.007	0.898	0.064	0.031
0.442	0.326	0.152	0.080
0.001	0.478	0.074	0.447
0.001	0.883	0.054	0.062
0.090	0.127	0.084	0.699
0.471	0.010	0.294	0.225
0.045	0.295	0.574	0.086
0.102	0.248	0.001	0.649
0.012	0.001	0.968	0.019
0.006	0.001	0.992	0.001
>YBATGACTAA	6-YBATGACTAA	6.595668	-2636.535007	0	T:6739.0(7.40%),B:2422.3(2.69%),P:1e-1145	Tpos:101.1,Tstd:47.4,Bpos:99.2,Bstd:61.5,StrandBias:0.0,Multiplicity:1.04
0.195	0.381	0.167	0.256
0.158	0.310	0.332	0.199
0.500	0.279	0.218	0.003
0.001	0.001	0.001	0.997
0.001	0.001	0.997	0.001
0.997	0.001	0.001	0.001
0.005	0.825	0.133	0.037
0.001	0.001	0.001	0.997
0.993	0.001	0.001	0.005
0.991	0.001	0.003	0.005
>CACCAGGGGG	7-CACCAGGGGG	9.341086	-2263.228443	0	T:4747.0(5.21%),B:1492.0(1.66%),P:1e-982	Tpos:100.4,Tstd:42.9,Bpos:100.2,Bstd:59.5,StrandBias:-0.0,Multiplicity:1.01
0.001	0.971	0.001	0.027
0.612	0.001	0.386	0.001
0.001	0.659	0.263	0.077
0.001	0.747	0.203	0.049
0.929	0.001	0.069	0.001
0.001	0.001	0.997	0.001
0.258	0.001	0.740	0.001
0.001	0.001	0.740	0.258
0.001	0.001	0.997	0.001
0.001	0.001	0.997	0.001
>RTTATGCAAT	8-RTTATGCAAT	5.959897	-1626.065347	0	T:10228.0(11.23%),B:5576.2(6.20%),P:1e-706	Tpos:100.8,Tstd:52.1,Bpos:99.4,Bstd:59.1,StrandBias:0.0,Multiplicity:1.09
0.442	0.171	0.386	0.001
0.001	0.001	0.001	0.997
0.001	0.001	0.341	0.657
0.502	0.001	0.240	0.257
0.053	0.281	0.043	0.623
0.001	0.001	0.997	0.001
0.064	0.831	0.001	0.104
0.997	0.001	0.001	0.001
0.997	0.001	0.001	0.001
0.001	0.230	0.232	0.537
>AGATAAGVNN	9-AGATAAGVNN	7.528032	-892.200339	0	T:7031.0(7.72%),B:4081.7(4.54%),P:1e-387	Tpos:100.1,Tstd:53.3,Bpos:97.1,Bstd:57.4,StrandBias:-0.1,Multiplicity:1.08
0.596	0.017	0.010	0.377
0.001	0.001	0.997	0.001
0.943	0.055	0.001	0.001
0.001	0.001	0.001	0.997
0.831	0.001	0.001	0.167
0.985	0.001	0.013	0.001
0.241	0.239	0.486	0.034
0.355	0.256	0.308	0.081
0.219	0.200	0.305	0.276
0.255	0.225	0.248	0.272
>NNYTGSCARV	10-NNYTGSCARV	5.977239	-713.445132	0	T:21867.0(24.00%),B:17062.5(18.96%),P:1e-309	Tpos:100.6,Tstd:52.8,Bpos:100.2,Bstd:61.9,StrandBias:-0.0,Multiplicity:1.15
0.259	0.242	0.256	0.243
0.242	0.277	0.236	0.246
0.056	0.430	0.060	0.454
0.360	0.062	0.061	0.517
0.069	0.080	0.800	0.051
0.028	0.490	0.434	0.047
0.051	0.784	0.106	0.059
0.828	0.001	0.066	0.105
0.478	0.041	0.445	0.035
0.313	0.351	0.315	0.021
>AGCGCCACCT	11-AGCGCCACCT	9.523225	-680.930865	0	T:1141.0(1.25%),B:300.5(0.33%),P:1e-295	Tpos:100.8,Tstd:45.3,Bpos:95.0,Bstd:57.9,StrandBias:-0.2,Multiplicity:1.01
0.997	0.001	0.001	0.001
0.001	0.001	0.997	0.001
0.001	0.997	0.001	0.001
0.001	0.001	0.997	0.001
0.121	0.877	0.001	0.001
0.001	0.997	0.001	0.001
0.682	0.188	0.001	0.129
0.001	0.903	0.001	0.095
0.001	0.942	0.056	0.001
0.001	0.001	0.001	0.997
>GGCCCCGCCC	12-GGCCCCGCCC	7.640725	-541.505887	0	T:12406.0(13.62%),B:9164.4(10.18%),P:1e-235	Tpos:101.3,Tstd:49.7,Bpos:94.7,Bstd:56.4,StrandBias:-0.0,Multiplicity:1.39
0.213	0.117	0.511	0.159
0.209	0.001	0.625	0.165
0.022	0.750	0.041	0.187
0.120	0.626	0.001	0.253
0.192	0.798	0.001	0.009
0.001	0.946	0.001	0.052
0.060	0.001	0.670	0.269
0.001	0.991	0.001	0.007
0.001	0.997	0.001	0.001
0.001	0.856	0.001	0.142
>RVTGACGTCA	13-RVTGACGTCA	6.831141	-538.437296	0	T:6211.0(6.82%),B:3979.7(4.42%),P:1e-233	Tpos:100.7,Tstd:47.1,Bpos:97.7,Bstd:60.8,StrandBias:-0.0,Multiplicity:1.04
0.415	0.144	0.320	0.121
0.406	0.273	0.294	0.028
0.010	0.005	0.013	0.972
0.101	0.044	0.789	0.066
0.904	0.055	0.007	0.034
0.029	0.636	0.245	0.090
0.097	0.310	0.592	0.001
0.005	0.060	0.016	0.919
0.062	0.842	0.015	0.081
0.808	0.043	0.074	0.075
>CCAAGGCTGT	14-CCAAGGCTGT	8.584394	-407.868168	0	T:2646.0(2.90%),B:1432.6(1.59%),P:1e-177	Tpos:100.1,Tstd:48.9,Bpos:102.8,Bstd:60.4,StrandBias:0.1,Multiplicity:1.02
0.010	0.847	0.001	0.142
0.001	0.997	0.001	0.001
0.951	0.023	0.025	0.001
0.970	0.001	0.028	0.001
0.001	0.027	0.958	0.014
0.009	0.020	0.970	0.001
0.001	0.885	0.001	0.113
0.012	0.045	0.010	0.933
0.049	0.032	0.918	0.001
0.087	0.085	0.192	0.636
>TTGWGYAACA	15-TTGWGYAACA	7.759689	-335.025327	0	T:1260.0(1.38%),B:548.8(0.61%),P:1e-145	Tpos:100.2,Tstd:54.4,Bpos:97.4,Bstd:61.7,StrandBias:-0.1,Multiplicity:1.01
0.118	0.056	0.077	0.749
0.180	0.206	0.051	0.563
0.098	0.001	0.844	0.057
0.285	0.113	0.198	0.404
0.078	0.268	0.653	0.001
0.126	0.393	0.001	0.480
0.955	0.043	0.001	0.001
0.769	0.137	0.001	0.093
0.001	0.468	0.237	0.295
0.516	0.152	0.331	0.001
>CTAAAAATAG	16-CTAAAAATAG	9.355914	-295.518541	0	T:1202.0(1.32%),B:542.4(0.60%),P:1e-128	Tpos:100.6,Tstd:53.8,Bpos:100.1,Bstd:56.9,StrandBias:0.1,Multiplicity:1.01
0.106	0.767	0.074	0.053
0.008	0.012	0.001	0.979
0.887	0.023	0.039	0.051
0.821	0.001	0.001	0.177
0.969	0.001	0.008	0.022
0.954	0.005	0.001	0.040
0.975	0.001	0.001	0.023
0.015	0.001	0.001	0.983
0.981	0.017	0.001	0.001
0.155	0.055	0.779	0.011
>GCCAGGCCTG	17-GCCAGGCCTG	7.041840	-288.136537	0	T:16544.0(18.16%),B:13724.6(15.25%),P:1e-125	Tpos:99.5,Tstd:52.6,Bpos:100.2,Bstd:61.1,StrandBias:0.0,Multiplicity:1.16
0.001	0.107	0.789	0.103
0.001	0.932	0.001	0.066
0.036	0.834	0.001	0.129
0.707	0.032	0.096	0.165
0.122	0.001	0.876	0.001
0.001	0.269	0.729	0.001
0.001	0.673	0.325	0.001
0.062	0.834	0.040	0.064
0.190	0.063	0.034	0.713
0.051	0.036	0.738	0.175
>STTTCGSTTT	18-STTTCGSTTT	7.730279	-282.728999	0	T:3489.0(3.83%),B:2261.7(2.51%),P:1e-122	Tpos:101.5,Tstd:57.2,Bpos:98.6,Bstd:57.4,StrandBias:-0.0,Multiplicity:1.04
0.006	0.477	0.489	0.028
0.024	0.048	0.067	0.861
0.046	0.009	0.122	0.823
0.031	0.128	0.081	0.760
0.032	0.966	0.001	0.001
0.173	0.086	0.521	0.220
0.059	0.335	0.440	0.166
0.123	0.051	0.013	0.813
0.033	0.075	0.058	0.834
0.050	0.085	0.043	0.822
>GYACAGTCAT	19-GYACAGTCAT	8.231227	-266.641883	0	T:2476.0(2.72%),B:1493.6(1.66%),P:1e-115	Tpos:101.6,Tstd:48.2,Bpos:100.1,Bstd:61.3,StrandBias:0.0,Multiplicity:1.01
0.188	0.001	0.810	0.001
0.212	0.372	0.001	0.415
0.527	0.180	0.159	0.134
0.001	0.730	0.202	0.067
0.665	0.001	0.001	0.333
0.001	0.086	0.912	0.001
0.001	0.001	0.001	0.997
0.273	0.717	0.001	0.009
0.997	0.001	0.001	0.001
0.001	0.130	0.090	0.779
>TCCCTCCCCC	20-TCCCTCCCCC	8.685962	-227.821750	0	T:6687.0(7.34%),B:5085.0(5.65%),P:1e-98	Tpos:99.6,Tstd:54.3,Bpos:100.2,Bstd:53.8,StrandBias:0.0,Multiplicity:1.06
0.156	0.209	0.001	0.634
0.001	0.596	0.001	0.402
0.001	0.851	0.001	0.147
0.001	0.660	0.001	0.338
0.001	0.001	0.001	0.997
0.001	0.816	0.001	0.182
0.001	0.997	0.001	0.001
0.001	0.846	0.001	0.152
0.154	0.443	0.270	0.134
0.001	0.487	0.290	0.222
>TGACCTAGTT	21-TGACCTAGTT	9.692071	-166.534591	0	T:522.0(0.57%),B:209.0(0.23%),P:1e-72	Tpos:101.7,Tstd:49.5,Bpos:97.6,Bstd:65.2,StrandBias:0.2,Multiplicity:1.00
0.001	0.001	0.001	0.997
0.038	0.001	0.960	0.001
0.914	0.040	0.035	0.011
0.001	0.997	0.001	0.001
0.001	0.945	0.047	0.007
0.001	0.037	0.006	0.956
0.940	0.058	0.001	0.001
0.001	0.256	0.666	0.077
0.151	0.014	0.001	0.834
0.001	0.018	0.001	0.980
>AAAAAAAAAA	22-AAAAAAAAAA	8.155766	-64.004963	0	T:3121.0(3.43%),B:2522.6(2.80%),P:1e-27	Tpos:100.4,Tstd:66.0,Bpos:97.1,Bstd:56.7,StrandBias:-0.1,Multiplicity:1.03
0.883	0.001	0.115	0.001
0.949	0.001	0.037	0.013
0.967	0.001	0.031	0.001
0.982	0.001	0.001	0.016
0.997	0.001	0.001	0.001
0.997	0.001	0.001	0.001
0.997	0.001	0.001	0.001
0.948	0.021	0.001	0.030
0.958	0.001	0.040	0.001
0.853	0.034	0.074	0.039
>TCAAGGGCGG	23-TCAAGGGCGG	11.498142	-46.379405	0	T:73.0(0.08%),B:19.2(0.02%),P:1e-20	Tpos:108.5,Tstd:43.9,Bpos:98.8,Bstd:60.6,StrandBias:0.1,Multiplicity:1.02
0.352	0.001	0.001	0.646
0.001	0.997	0.001	0.001
0.997	0.001	0.001	0.001
0.997	0.001	0.001	0.001
0.001	0.001	0.849	0.149
0.001	0.001	0.997	0.001
0.001	0.001	0.997	0.001
0.001	0.997	0.001	0.001
0.001	0.001	0.997	0.001
0.001	0.001	0.997	0.001
>TCCCGTAGGG	24-TCCCGTAGGG	8.874057	-42.314610	0	T:25.0(0.03%),B:2.7(0.00%),P:1e-18	Tpos:114.1,Tstd:45.3,Bpos:90.2,Bstd:34.7,StrandBias:0.3,Multiplicity:1.00
0.001	0.001	0.001	0.997
0.001	0.997	0.001	0.001
0.001	0.997	0.001	0.001
0.001	0.997	0.001	0.001
0.001	0.001	0.997	0.001
0.001	0.001	0.001	0.997
0.997	0.001	0.001	0.001
0.001	0.007	0.991	0.001
0.001	0.001	0.997	0.001
0.001	0.001	0.997	0.001
>GTCATCTTAG	25-GTCATCTTAG	10.296193	-14.633402	0	T:40.0(0.04%),B:16.6(0.02%),P:1e-6	Tpos:107.9,Tstd:55.6,Bpos:97.1,Bstd:32.1,StrandBias:-0.7,Multiplicity:1.00
0.100	0.100	0.700	0.100
0.100	0.100	0.100	0.700
0.100	0.700	0.100	0.100
0.700	0.100	0.100	0.100
0.100	0.100	0.100	0.700
0.100	0.700	0.100	0.100
0.100	0.100	0.100	0.700
0.100	0.100	0.100	0.700
0.700	0.100	0.100	0.100
0.100	0.100	0.700	0.100
>ATGASTCAYHNH	1-ATGASTCAYHNH	5.684120	-18087.004930	0	T:20458.0(22.45%),B:4071.5(4.52%),P:1e-7855	Tpos:101.6,Tstd:36.5,Bpos:98.7,Bstd:61.9,StrandBias:-0.0,Multiplicity:1.14
0.442	0.268	0.269	0.021
0.001	0.001	0.001	0.997
0.001	0.001	0.974	0.024
0.995	0.001	0.001	0.003
0.077	0.419	0.443	0.062
0.001	0.001	0.001	0.997
0.018	0.980	0.001	0.001
0.997	0.001	0.001	0.001
0.013	0.297	0.249	0.441
0.277	0.305	0.135	0.283
0.230	0.314	0.221	0.235
0.268	0.249	0.157	0.325
>CCACTAGRKGGC	2-CCACTAGRKGGC	10.130637	-10101.613641	0	T:5577.0(6.12%),B:364.1(0.40%),P:1e-4387	Tpos:101.7,Tstd:28.3,Bpos:99.1,Bstd:59.1,StrandBias:0.0,Multiplicity:1.01
0.142	0.779	0.020	0.059
0.001	0.997	0.001	0.001
0.879	0.008	0.055	0.058
0.001	0.859	0.131	0.009
0.134	0.223	0.094	0.549
0.997	0.001	0.001	0.001
0.001	0.001	0.997	0.001
0.456	0.001	0.542	0.001
0.001	0.001	0.513	0.485
0.001	0.001	0.997	0.001
0.001	0.001	0.848	0.150
0.155	0.661	0.001	0.183
>YGCCCYCTDGTG	3-YGCCCYCTDGTG	8.292870	-7978.547090	0	T:10971.0(12.04%),B:2527.6(2.81%),P:1e-3465	Tpos:101.4,Tstd:39.5,Bpos:98.6,Bstd:57.2,StrandBias:-0.0,Multiplicity:1.03
0.005	0.521	0.026	0.448
0.067	0.050	0.742	0.141
0.083	0.818	0.047	0.052
0.010	0.948	0.001	0.041
0.374	0.551	0.027	0.048
0.007	0.502	0.022	0.469
0.001	0.971	0.013	0.015
0.118	0.109	0.050	0.723
0.323	0.060	0.345	0.273
0.063	0.349	0.516	0.072
0.148	0.117	0.054	0.681
0.003	0.007	0.986	0.004
>NNNYCAAGGTCA	4-NNNYCAAGGTCA	7.499122	-3960.959055	0	T:14861.0(16.31%),B:6717.6(7.46%),P:1e-1720	Tpos:101.1,Tstd:46.0,Bpos:100.8,Bstd:58.2,StrandBias:0.0,Multiplicity:1.10
0.312	0.210	0.242	0.236
0.235	0.204	0.253	0.309
0.173	0.284	0.277	0.266
0.128	0.319	0.113	0.441
0.065	0.802	0.132	0.001
0.997	0.001	0.001	0.001
0.867	0.001	0.131	0.001
0.001	0.001	0.997	0.001
0.001	0.001	0.997	0.001
0.234	0.255	0.105	0.405
0.001	0.912	0.001	0.086
0.756	0.058	0.001	0.185
>DATTKCAHAAYH	5-DATTKCAHAAYH	7.714305	-1244.843155	0	T:7971.0(8.75%),B:4346.9(4.83%),P:1e-540	Tpos:100.7,Tstd:53.7,Bpos:99.5,Bstd:58.6,StrandBias:-0.0,Multiplicity:1.08
0.245	0.172	0.218	0.364
0.486	0.223	0.291	0.001
0.001	0.001	0.001	0.997
0.001	0.001	0.001	0.997
0.202	0.001	0.388	0.409
0.001	0.997	0.001	0.001
0.593	0.152	0.001	0.254
0.324	0.374	0.008	0.294
0.689	0.309	0.001	0.001
0.997	0.001	0.001	0.001
0.030	0.330	0.167	0.473
0.312	0.307	0.135	0.246
>RATGAYTAAWCA	6-RATGAYTAAWCA	6.925141	-1214.617337	0	T:7492.0(8.22%),B:4029.8(4.48%),P:1e-527	Tpos:100.4,Tstd:54.8,Bpos:101.5,Bstd:58.5,StrandBias:0.0,Multiplicity:1.05
0.260	0.166	0.371	0.203
0.644	0.266	0.069	0.021
0.039	0.003	0.029	0.929
0.023	0.023	0.931	0.023
0.941	0.021	0.014	0.024
0.181	0.336	0.037	0.447
0.171	0.025	0.032	0.772
0.890	0.028	0.032	0.050
0.918	0.029	0.024	0.029
0.344	0.019	0.158	0.479
0.147	0.499	0.211	0.144
0.614	0.180	0.030	0.176
>AGATAANARCHN	7-AGATAANARCHN	4.297449	-769.121295	0	T:12857.0(14.11%),B:9009.9(10.01%),P:1e-334	Tpos:100.5,Tstd:54.6,Bpos:98.9,Bstd:56.9,StrandBias:-0.0,Multiplicity:1.12
0.609	0.004	0.007	0.380
0.001	0.001	0.997	0.001
0.997	0.001	0.001	0.001
0.001	0.001	0.001	0.997
0.997	0.001	0.001	0.001
0.997	0.001	0.001	0.001
0.204	0.205	0.304	0.286
0.743	0.183	0.066	0.008
0.309	0.111	0.400	0.180
0.208	0.494	0.150	0.148
0.240	0.326	0.141	0.293
0.261	0.182	0.256	0.302
>GGCABNVWGCCA	8-GGCABNVWGCCA	7.635958	-679.034587	0	T:8875.0(9.74%),B:5877.7(6.53%),P:1e-294	Tpos:100.4,Tstd:52.0,Bpos:99.7,Bstd:59.2,StrandBias:-0.0,Multiplicity:1.06
0.001	0.001	0.997	0.001
0.001	0.001	0.808	0.190
0.328	0.670	0.001	0.001
0.545	0.084	0.001	0.370
0.162	0.318	0.312	0.208
0.231	0.282	0.250	0.237
0.220	0.340	0.258	0.183
0.357	0.001	0.157	0.484
0.001	0.001	0.640	0.358
0.001	0.997	0.001	0.001
0.001	0.997	0.001	0.001
0.474	0.261	0.001	0.264
>GGGCGGGGCCNR	9-GGGCGGGGCCNR	8.394291	-512.695034	0	T:8525.0(9.36%),B:5924.6(6.58%),P:1e-222	Tpos:101.7,Tstd:49.0,Bpos:94.2,Bstd:55.9,StrandBias:0.0,Multiplicity:1.34
0.210	0.001	0.760	0.029
0.001	0.001	0.997	0.001
0.001	0.001	0.997	0.001
0.289	0.684	0.003	0.024
0.001	0.016	0.933	0.050
0.006	0.005	0.775	0.214
0.207	0.002	0.787	0.004
0.148	0.107	0.743	0.002
0.124	0.745	0.001	0.130
0.096	0.556	0.119	0.229
0.264	0.176	0.237	0.323
0.249	0.192	0.371	0.187
>NRRTGASSTCAY	10-NRRTGASSTCAY	9.039585	-441.917381	0	T:2806.0(3.08%),B:1508.5(1.68%),P:1e-191	Tpos:101.2,Tstd:44.0,Bpos:98.3,Bstd:60.8,StrandBias:0.0,Multiplicity:1.03
0.275	0.252	0.306	0.166
0.377	0.167	0.448	0.007
0.432	0.203	0.363	0.001
0.001	0.001	0.001	0.997
0.001	0.001	0.997	0.001
0.997	0.001	0.001	0.001
0.075	0.389	0.340	0.196
0.201	0.331	0.405	0.064
0.001	0.001	0.001	0.997
0.001	0.997	0.001	0.001
0.997	0.001	0.001	0.001
0.001	0.348	0.218	0.432
>BDATGTGTCATH	11-BDATGTGTCATH	8.574132	-420.726484	0	T:2817.0(3.09%),B:1541.0(1.71%),P:1e-182	Tpos:101.6,Tstd:45.4,Bpos:102.6,Bstd:59.1,StrandBias:-0.1,Multiplicity:1.02
0.177	0.235	0.343	0.245
0.217	0.152	0.320	0.312
0.456	0.199	0.232	0.114
0.131	0.001	0.003	0.865
0.002	0.063	0.925	0.010
0.001	0.004	0.005	0.990
0.004	0.155	0.826	0.015
0.082	0.004	0.030	0.884
0.011	0.983	0.003	0.003
0.959	0.021	0.003	0.017
0.014	0.299	0.225	0.463
0.291	0.376	0.081	0.252
>GCTATTTTTAGC	12-GCTATTTTTAGC	7.950720	-365.400971	0	T:2403.0(2.64%),B:1306.2(1.45%),P:1e-158	Tpos:99.4,Tstd:56.2,Bpos:98.7,Bstd:56.7,StrandBias:-0.1,Multiplicity:1.02
0.062	0.067	0.555	0.316
0.001	0.818	0.028	0.153
0.003	0.001	0.001	0.995
0.899	0.007	0.048	0.046
0.005	0.001	0.001	0.993
0.020	0.001	0.001	0.978
0.015	0.011	0.001	0.973
0.280	0.007	0.001	0.712
0.119	0.025	0.011	0.845
0.979	0.001	0.010	0.010
0.041	0.031	0.701	0.227
0.157	0.624	0.090	0.129
>GCCTTGACCTTT	13-GCCTTGACCTTT	9.642492	-351.732241	0	T:1173.0(1.29%),B:481.4(0.53%),P:1e-152	Tpos:102.6,Tstd:51.5,Bpos:93.2,Bstd:57.1,StrandBias:0.2,Multiplicity:1.00
0.167	0.048	0.680	0.105
0.036	0.892	0.022	0.050
0.035	0.905	0.009	0.051
0.096	0.084	0.029	0.791
0.019	0.024	0.046	0.911
0.031	0.034	0.907	0.028
0.730	0.072	0.109	0.089
0.092	0.787	0.081	0.040
0.148	0.791	0.019	0.042
0.016	0.032	0.006	0.946
0.025	0.109	0.079	0.787
0.023	0.073	0.030	0.874
>CGGCCTTGTAAC	14-CGGCCTTGTAAC	7.155180	-341.911821	0	T:5016.0(5.51%),B:3382.2(3.76%),P:1e-148	Tpos:100.3,Tstd:52.5,Bpos:101.6,Bstd:59.7,StrandBias:-0.0,Multiplicity:1.03
0.096	0.680	0.116	0.108
0.138	0.047	0.639	0.176
0.036	0.063	0.834	0.067
0.038	0.870	0.057	0.035
0.041	0.850	0.025	0.084
0.061	0.114	0.037	0.788
0.044	0.052	0.115	0.789
0.031	0.083	0.808	0.078
0.127	0.094	0.165	0.614
0.644	0.132	0.162	0.062
0.741	0.083	0.111	0.065
0.086	0.744	0.098	0.072
>CCAAGGCTGTAA	15-CCAAGGCTGTAA	8.803978	-337.686096	0	T:2992.0(3.28%),B:1782.0(1.98%),P:1e-146	Tpos:100.4,Tstd:49.9,Bpos:101.4,Bstd:60.2,StrandBias:-0.0,Multiplicity:1.02
0.055	0.629	0.078	0.238
0.006	0.959	0.007	0.028
0.909	0.079	0.003	0.009
0.816	0.008	0.115	0.061
0.058	0.004	0.919	0.019
0.032	0.034	0.900	0.034
0.064	0.837	0.033	0.066
0.017	0.055	0.006	0.922
0.101	0.059	0.824	0.016
0.233	0.163	0.194	0.410
0.438	0.168	0.253	0.141
0.519	0.116	0.194	0.171
>GAAASTGAAASY	16-GAAASTGAAASY	10.504045	-279.089779	0	T:1332.0(1.46%),B:643.2(0.71%),P:1e-121	Tpos:100.6,Tstd:55.3,Bpos:98.5,Bstd:59.1,StrandBias:0.0,Multiplicity:1.03
0.248	0.130	0.431	0.191
0.794	0.001	0.204	0.001
0.884	0.001	0.114	0.001
0.997	0.001	0.001	0.001
0.189	0.388	0.423	0.001
0.286	0.054	0.008	0.652
0.001	0.001	0.997	0.001
0.988	0.001	0.010	0.001
0.997	0.001	0.001	0.001
0.997	0.001	0.001	0.001
0.074	0.423	0.502	0.001
0.088	0.438	0.030	0.443
>CTATCCAATCAG	17-CTATCCAATCAG	12.570735	-158.580078	0	T:63.0(0.07%),B:2.6(0.00%),P:1e-68	Tpos:98.2,Tstd:38.3,Bpos:82.8,Bstd:63.9,StrandBias:0.0,Multiplicity:1.00
0.097	0.748	0.001	0.154
0.001	0.001	0.001	0.997
0.997	0.001	0.001	0.001
0.001	0.001	0.001	0.997
0.001	0.997	0.001	0.001
0.194	0.612	0.097	0.097
0.997	0.001	0.001	0.001
0.800	0.198	0.001	0.001
0.001	0.001	0.001	0.997
0.001	0.997	0.001	0.001
0.708	0.001	0.194	0.097
0.001	0.001	0.997	0.001
>GACAGGACGCCC	18-GACAGGACGCCC	11.570463	-155.141194	0	T:62.0(0.07%),B:2.9(0.00%),P:1e-67	Tpos:104.7,Tstd:53.5,Bpos:99.0,Bstd:56.2,StrandBias:0.0,Multiplicity:1.02
0.001	0.001	0.994	0.004
0.997	0.001	0.001	0.001
0.029	0.969	0.001	0.001
0.997	0.001	0.001	0.001
0.057	0.001	0.941	0.001
0.029	0.001	0.969	0.001
0.997	0.001	0.001	0.001
0.001	0.997	0.001	0.001
0.116	0.001	0.882	0.001
0.001	0.997	0.001	0.001
0.137	0.861	0.001	0.001
0.001	0.997	0.001	0.001
>GTGCGTCATCCG	19-GTGCGTCATCCG	10.356927	-114.497580	0	T:170.0(0.19%),B:41.7(0.05%),P:1e-49	Tpos:103.1,Tstd:44.5,Bpos:93.4,Bstd:47.5,StrandBias:0.1,Multiplicity:1.00
0.180	0.001	0.726	0.093
0.069	0.079	0.173	0.679
0.016	0.008	0.968	0.008
0.001	0.912	0.024	0.063
0.008	0.008	0.976	0.008
0.016	0.096	0.032	0.856
0.008	0.983	0.008	0.001
0.837	0.138	0.008	0.017
0.001	0.196	0.150	0.653
0.001	0.849	0.103	0.047
0.215	0.616	0.024	0.145
0.167	0.106	0.707	0.020
>GAGTGATAGAAG	20-GAGTGATAGAAG	11.466488	-103.333098	0	T:58.0(0.06%),B:4.7(0.01%),P:1e-44	Tpos:92.5,Tstd:56.6,Bpos:148.8,Bstd:29.0,StrandBias:-0.7,Multiplicity:1.00
0.034	0.107	0.635	0.224
0.912	0.001	0.064	0.023
0.358	0.012	0.607	0.023
0.034	0.346	0.011	0.609
0.312	0.057	0.597	0.034
0.965	0.012	0.001	0.022
0.022	0.318	0.023	0.637
0.640	0.066	0.034	0.260
0.322	0.034	0.611	0.033
0.954	0.011	0.001	0.034
0.676	0.218	0.057	0.049
0.063	0.001	0.924	0.012
>CGTGAGTAATGG	21-CGTGAGTAATGG	10.945867	-95.399367	0	T:88.0(0.10%),B:13.5(0.01%),P:1e-41	Tpos:102.5,Tstd:46.4,Bpos:108.3,Bstd:76.4,StrandBias:0.1,Multiplicity:1.00
0.144	0.651	0.052	0.153
0.052	0.103	0.779	0.066
0.051	0.028	0.063	0.858
0.036	0.028	0.896	0.040
0.859	0.028	0.047	0.066
0.051	0.044	0.850	0.055
0.079	0.041	0.090	0.790
0.834	0.032	0.059	0.075
0.928	0.020	0.028	0.024
0.111	0.047	0.032	0.810
0.072	0.016	0.876	0.036
0.024	0.048	0.876	0.052
>TCAGCACGGCGG	22-TCAGCACGGCGG	11.424732	-90.335135	0	T:48.0(0.05%),B:3.8(0.00%),P:1e-39	Tpos:109.3,Tstd:39.9,Bpos:106.8,Bstd:63.9,StrandBias:-0.1,Multiplicity:1.00
0.357	0.022	0.055	0.566
0.078	0.607	0.031	0.284
0.840	0.052	0.035	0.073
0.044	0.013	0.905	0.038
0.040	0.831	0.013	0.116
0.920	0.035	0.029	0.016
0.041	0.861	0.054	0.044
0.210	0.279	0.446	0.064
0.263	0.016	0.477	0.244
0.140	0.576	0.148	0.136
0.059	0.233	0.637	0.071
0.051	0.022	0.795	0.132
>CTGCGACCTTGA	23-CTGCGACCTTGA	10.641644	-89.619983	0	T:114.0(0.13%),B:24.4(0.03%),P:1e-38	Tpos:103.8,Tstd:45.9,Bpos:75.3,Bstd:42.3,StrandBias:-0.4,Multiplicity:1.00
0.044	0.834	0.056	0.066
0.124	0.049	0.059	0.768
0.046	0.070	0.838	0.046
0.111	0.594	0.112	0.183
0.127	0.128	0.665	0.080
0.666	0.099	0.091	0.144
0.076	0.781	0.075	0.068
0.065	0.831	0.038	0.066
0.079	0.085	0.085	0.751
0.073	0.069	0.101	0.757
0.044	0.126	0.785	0.045
0.730	0.087	0.106	0.077
>ATTGGACGGTTC	24-ATTGGACGGTTC	11.197296	-87.713039	0	T:68.0(0.07%),B:8.5(0.01%),P:1e-38	Tpos:99.4,Tstd:35.7,Bpos:71.5,Bstd:53.6,StrandBias:-0.3,Multiplicity:1.01
0.818	0.044	0.090	0.048
0.059	0.054	0.035	0.852
0.035	0.020	0.040	0.905
0.048	0.020	0.917	0.015
0.040	0.069	0.867	0.024
0.800	0.086	0.069	0.045
0.048	0.782	0.054	0.116
0.181	0.030	0.681	0.108
0.029	0.030	0.892	0.049
0.025	0.090	0.044	0.841
0.025	0.035	0.059	0.881
0.024	0.775	0.020	0.181
>AAAAAAAAAAAA	25-AAAAAAAAAAAA	11.248722	-66.485752	0	T:1549.0(1.70%),B:1136.9(1.26%),P:1e-28	Tpos:98.6,Tstd:65.0,Bpos:96.7,Bstd:56.2,StrandBias:-0.0,Multiplicity:1.02
0.633	0.001	0.346	0.020
0.722	0.038	0.239	0.001
0.883	0.001	0.115	0.001
0.925	0.001	0.073	0.001
0.997	0.001	0.001	0.001
0.932	0.001	0.001	0.066
0.837	0.090	0.001	0.072
0.782	0.181	0.001	0.036
0.841	0.090	0.001	0.068
0.713	0.144	0.046	0.097
0.806	0.192	0.001	0.001
0.583	0.153	0.138	0.126
>ATGAGTCA	1-ATGAGTCA	5.492572	-16503.524166	0	T:22278.0(24.45%),B:5328.7(5.92%),P:1e-7167	Tpos:101.5,Tstd:37.9,Bpos:99.0,Bstd:63.5,StrandBias:0.0,Multiplicity:1.17
0.656	0.151	0.164	0.029
0.001	0.001	0.001	0.997
0.001	0.001	0.966	0.032
0.996	0.002	0.001	0.001
0.073	0.237	0.624	0.066
0.001	0.001	0.001	0.997
0.025	0.973	0.001	0.001
0.997	0.001	0.001	0.001
>MTTAMTCA	2-MTTAMTCA	6.045690	-7453.054356	0	T:23791.0(26.11%),B:10291.7(11.44%),P:1e-3236	Tpos:100.5,Tstd:57.0,Bpos:100.6,Bstd:59.6,StrandBias:-0.0,Multiplicity:1.08
0.497	0.350	0.033	0.120
0.001	0.093	0.001	0.905
0.245	0.001	0.264	0.490
0.622	0.075	0.124	0.179
0.427	0.404	0.168	0.001
0.045	0.001	0.078	0.876
0.230	0.768	0.001	0.001
0.820	0.001	0.001	0.178
>WTGWGTCA	3-WTGWGTCA	5.699695	-6901.619684	0	T:35740.0(39.23%),B:19755.8(21.95%),P:1e-2997	Tpos:100.5,Tstd:51.6,Bpos:100.4,Bstd:62.0,StrandBias:-0.0,Multiplicity:1.17
0.365	0.130	0.186	0.319
0.001	0.015	0.056	0.928
0.095	0.001	0.756	0.148
0.390	0.141	0.001	0.468
0.092	0.001	0.906	0.001
0.051	0.241	0.001	0.707
0.258	0.726	0.001	0.015
0.984	0.014	0.001	0.001
>TGRCCTTG	4-TGRCCTTG	6.547622	-4125.561018	0	T:19530.0(21.44%),B:9883.4(10.98%),P:1e-1791	Tpos:100.7,Tstd:48.1,Bpos:100.1,Bstd:60.0,StrandBias:0.0,Multiplicity:1.13
0.182	0.302	0.018	0.497
0.294	0.001	0.669	0.036
0.454	0.026	0.334	0.187
0.001	0.963	0.001	0.035
0.041	0.932	0.026	0.001
0.001	0.015	0.001	0.983
0.062	0.115	0.019	0.804
0.126	0.121	0.695	0.058
>TGACCTTG	5-TGACCTTG	7.099070	-2116.024992	0	T:14703.0(16.14%),B:8374.9(9.31%),P:1e-918	Tpos:101.4,Tstd:51.4,Bpos:100.8,Bstd:58.6,StrandBias:-0.0,Multiplicity:1.05
0.001	0.020	0.119	0.860
0.039	0.001	0.857	0.103
0.602	0.292	0.105	0.001
0.001	0.896	0.001	0.102
0.001	0.911	0.087	0.001
0.011	0.132	0.001	0.856
0.099	0.025	0.035	0.841
0.016	0.206	0.602	0.176
>CGCCCTCT	6-CGCCCTCT	5.619872	-1923.255363	0	T:12678.0(13.91%),B:7064.2(7.85%),P:1e-835	Tpos:101.4,Tstd:45.2,Bpos:98.5,Bstd:58.1,StrandBias:0.0,Multiplicity:1.07
0.001	0.684	0.001	0.314
0.001	0.001	0.997	0.001
0.001	0.997	0.001	0.001
0.001	0.997	0.001	0.001
0.072	0.926	0.001	0.001
0.001	0.189	0.001	0.809
0.001	0.997	0.001	0.001
0.001	0.001	0.001	0.997
>YGGCAYTG	7-YGGCAYTG	6.392319	-1466.431030	0	T:18420.0(20.22%),B:12328.0(13.70%),P:1e-636	Tpos:100.2,Tstd:52.2,Bpos:99.2,Bstd:61.9,StrandBias:0.0,Multiplicity:1.07
0.001	0.461	0.001	0.537
0.001	0.001	0.805	0.193
0.001	0.001	0.599	0.399
0.001	0.727	0.184	0.088
0.654	0.344	0.001	0.001
0.001	0.514	0.001	0.484
0.147	0.113	0.001	0.739
0.227	0.001	0.768	0.004
>CCACTAGA	8-CCACTAGA	9.987567	-1101.219242	0	T:2162.0(2.37%),B:643.3(0.71%),P:1e-478	Tpos:102.0,Tstd:36.8,Bpos:102.8,Bstd:56.6,StrandBias:0.0,Multiplicity:1.01
0.001	0.997	0.001	0.001
0.001	0.997	0.001	0.001
0.997	0.001	0.001	0.001
0.001	0.997	0.001	0.001
0.001	0.001	0.001	0.997
0.997	0.001	0.001	0.001
0.001	0.001	0.997	0.001
0.659	0.001	0.339	0.001
>ATTAYTCA	9-ATTAYTCA	7.463186	-1055.425205	0	T:4882.0(5.36%),B:2342.8(2.60%),P:1e-458	Tpos:98.4,Tstd:54.1,Bpos:100.5,Bstd:61.1,StrandBias:0.1,Multiplicity:1.02
0.994	0.004	0.001	0.001
0.001	0.101	0.053	0.845
0.073	0.001	0.130	0.796
0.550	0.103	0.346	0.001
0.056	0.338	0.220	0.386
0.023	0.060	0.078	0.839
0.030	0.715	0.001	0.254
0.871	0.001	0.127	0.001
>WGATAACA	10-WGATAACA	6.304017	-882.864845	0	T:10008.0(10.98%),B:6432.9(7.15%),P:1e-383	Tpos:100.4,Tstd:55.9,Bpos:98.6,Bstd:58.0,StrandBias:-0.1,Multiplicity:1.05
0.539	0.065	0.001	0.395
0.001	0.001	0.997	0.001
0.997	0.001	0.001	0.001
0.001	0.001	0.001	0.997
0.997	0.001	0.001	0.001
0.997	0.001	0.001	0.001
0.228	0.527	0.244	0.001
0.534	0.241	0.224	0.001
>CWGATAAG	11-CWGATAAG	3.481375	-690.072813	0	T:4256.0(4.67%),B:2271.4(2.52%),P:1e-299	Tpos:100.2,Tstd:51.0,Bpos:98.7,Bstd:57.9,StrandBias:-0.0,Multiplicity:1.04
0.001	0.911	0.087	0.001
0.505	0.001	0.001	0.493
0.001	0.001	0.997	0.001
0.997	0.001	0.001	0.001
0.001	0.001	0.001	0.997
0.997	0.001	0.001	0.001
0.997	0.001	0.001	0.001
0.001	0.001	0.997	0.001
>YTGCCAAR	12-YTGCCAAR	6.546729	-686.727841	0	T:19157.0(21.03%),B:14707.6(16.34%),P:1e-298	Tpos:100.1,Tstd:53.6,Bpos:100.4,Bstd:61.4,StrandBias:-0.0,Multiplicity:1.13
0.100	0.471	0.001	0.428
0.107	0.001	0.001	0.891
0.001	0.001	0.997	0.001
0.001	0.635	0.363	0.001
0.001	0.997	0.001	0.001
0.959	0.039	0.001	0.001
0.779	0.001	0.219	0.001
0.368	0.132	0.499	0.001
>GCTGGCTR	13-GCTGGCTR	4.936117	-643.668460	0	T:55568.0(60.99%),B:49615.2(55.13%),P:1e-279	Tpos:100.5,Tstd:53.4,Bpos:100.4,Bstd:61.7,StrandBias:0.0,Multiplicity:1.56
0.127	0.044	0.640	0.189
0.001	0.997	0.001	0.001
0.001	0.011	0.001	0.987
0.001	0.001	0.997	0.001
0.131	0.045	0.823	0.001
0.001	0.721	0.147	0.131
0.250	0.284	0.001	0.465
0.424	0.059	0.354	0.163
>TGACATMA	14-TGACATMA	6.712438	-638.513136	0	T:8940.0(9.81%),B:6009.0(6.68%),P:1e-277	Tpos:100.7,Tstd:51.1,Bpos:97.2,Bstd:60.0,StrandBias:-0.0,Multiplicity:1.06
0.001	0.001	0.001	0.997
0.001	0.001	0.655	0.343
0.642	0.012	0.296	0.050
0.001	0.732	0.231	0.036
0.553	0.230	0.170	0.047
0.093	0.001	0.043	0.863
0.470	0.458	0.023	0.049
0.775	0.026	0.138	0.061
>TTGCRACA	15-TTGCRACA	5.403851	-625.858439	0	T:30496.0(33.47%),B:25314.9(28.13%),P:1e-271	Tpos:99.0,Tstd:57.3,Bpos:100.0,Bstd:58.9,StrandBias:0.0,Multiplicity:1.22
0.001	0.001	0.001	0.997
0.001	0.001	0.068	0.930
0.187	0.001	0.619	0.193
0.001	0.924	0.001	0.074
0.411	0.235	0.264	0.091
0.616	0.149	0.001	0.234
0.392	0.606	0.001	0.001
0.997	0.001	0.001	0.001
>CWCGTGAC	16-CWCGTGAC	7.274871	-454.406000	0	T:6971.0(7.65%),B:4757.5(5.29%),P:1e-197	Tpos:102.3,Tstd:50.5,Bpos:96.4,Bstd:61.5,StrandBias:-0.0,Multiplicity:1.04
0.001	0.997	0.001	0.001
0.491	0.001	0.001	0.507
0.190	0.598	0.001	0.211
0.001	0.001	0.997	0.001
0.001	0.001	0.001	0.997
0.001	0.260	0.738	0.001
0.811	0.001	0.187	0.001
0.001	0.639	0.001	0.359
>CGAGTCAT	17-CGAGTCAT	6.284458	-382.641304	0	T:7160.0(7.86%),B:5074.2(5.64%),P:1e-166	Tpos:101.3,Tstd:49.7,Bpos:99.7,Bstd:61.9,StrandBias:0.0,Multiplicity:1.05
0.210	0.633	0.156	0.001
0.047	0.089	0.803	0.061
0.963	0.035	0.001	0.001
0.034	0.057	0.857	0.052
0.001	0.001	0.001	0.997
0.001	0.988	0.001	0.010
0.997	0.001	0.001	0.001
0.009	0.071	0.020	0.900
>YYCCTCCC	18-YYCCTCCC	8.283842	-294.392963	0	T:14413.0(15.82%),B:11748.2(13.05%),P:1e-127	Tpos:101.1,Tstd:54.3,Bpos:99.2,Bstd:55.2,StrandBias:0.0,Multiplicity:1.19
0.001	0.454	0.001	0.544
0.001	0.497	0.001	0.501
0.001	0.997	0.001	0.001
0.001	0.997	0.001	0.001
0.001	0.263	0.128	0.608
0.001	0.629	0.001	0.369
0.001	0.997	0.001	0.001
0.001	0.997	0.001	0.001
>GGAAACCG	19-GGAAACCG	5.115417	-290.870651	0	T:22535.0(24.73%),B:19278.8(21.42%),P:1e-126	Tpos:99.7,Tstd:56.9,Bpos:100.6,Bstd:58.5,StrandBias:0.0,Multiplicity:1.14
0.119	0.086	0.596	0.199
0.063	0.080	0.766	0.091
0.708	0.045	0.182	0.065
0.784	0.049	0.065	0.102
0.843	0.051	0.057	0.049
0.022	0.840	0.051	0.087
0.170	0.649	0.061	0.120
0.109	0.011	0.818	0.062
>CTGGTGGC	20-CTGGTGGC	9.522859	-280.174460	0	T:2964.0(3.25%),B:1850.3(2.06%),P:1e-121	Tpos:99.1,Tstd:50.1,Bpos:100.1,Bstd:59.3,StrandBias:-0.0,Multiplicity:1.01
0.001	0.997	0.001	0.001
0.001	0.001	0.001	0.997
0.001	0.001	0.785	0.213
0.001	0.001	0.997	0.001
0.001	0.001	0.001	0.997
0.001	0.001	0.997	0.001
0.001	0.001	0.997	0.001
0.001	0.997	0.001	0.001
>GCCCCGCC	21-GCCCCGCC	8.295249	-264.119692	0	T:7079.0(7.77%),B:5316.3(5.91%),P:1e-114	Tpos:100.6,Tstd:50.9,Bpos:94.5,Bstd:59.2,StrandBias:-0.0,Multiplicity:1.30
0.078	0.001	0.839	0.082
0.001	0.952	0.001	0.046
0.001	0.939	0.001	0.059
0.111	0.887	0.001	0.001
0.001	0.997	0.001	0.001
0.001	0.001	0.997	0.001
0.001	0.997	0.001	0.001
0.001	0.997	0.001	0.001
>GCCCGGAA	22-GCCCGGAA	5.802445	-239.418922	0	T:12521.0(13.74%),B:10254.2(11.39%),P:1e-103	Tpos:99.6,Tstd:54.5,Bpos:99.3,Bstd:58.9,StrandBias:0.0,Multiplicity:1.10
0.063	0.029	0.785	0.123
0.139	0.808	0.036	0.017
0.001	0.897	0.101	0.001
0.063	0.783	0.094	0.060
0.001	0.001	0.997	0.001
0.001	0.001	0.997	0.001
0.895	0.027	0.050	0.028
0.921	0.001	0.077	0.001
>GCTGTAAT	23-GCTGTAAT	6.461619	-166.859971	0	T:7829.0(8.59%),B:6313.9(7.02%),P:1e-72	Tpos:100.3,Tstd:56.8,Bpos:101.3,Bstd:60.0,StrandBias:-0.1,Multiplicity:1.06
0.177	0.092	0.620	0.111
0.001	0.988	0.010	0.001
0.051	0.001	0.016	0.932
0.031	0.019	0.949	0.001
0.110	0.025	0.001	0.864
0.928	0.001	0.050	0.021
0.803	0.135	0.020	0.042
0.001	0.028	0.001	0.970
>CTATTTTT	24-CTATTTTT	8.149250	-158.335134	0	T:2773.0(3.04%),B:1932.2(2.15%),P:1e-68	Tpos:99.2,Tstd:59.6,Bpos:99.3,Bstd:58.9,StrandBias:0.1,Multiplicity:1.02
0.001	0.997	0.001	0.001
0.001	0.001	0.001	0.997
0.997	0.001	0.001	0.001
0.001	0.001	0.001	0.997
0.001	0.001	0.001	0.997
0.001	0.001	0.001	0.997
0.376	0.001	0.001	0.622
0.001	0.001	0.143	0.855
>GATAAAAA	25-GATAAAAA	5.118656	-123.407763	0	T:10975.0(12.05%),B:9399.7(10.44%),P:1e-53	Tpos:99.8,Tstd:64.7,Bpos:98.9,Bstd:57.8,StrandBias:-0.0,Multiplicity:1.12
0.012	0.001	0.986	0.001
0.776	0.001	0.218	0.005
0.356	0.001	0.001	0.642
0.997	0.001	0.001	0.001
0.997	0.001	0.001	0.001
0.873	0.125	0.001	0.001
0.997	0.001	0.001	0.001
0.992	0.006	0.001	0.001
