>KATGACTCAT	1-KATGACTCAT,BestGuess:FOSL2::JUND/MA1144.2/Jaspar(0.991)	6.434885	-18502.354224	0	T:19966.0(21.91%),B:3767.1(4.19%),P:1e-8035
0.220	0.148	0.248	0.384
0.596	0.166	0.209	0.029
0.001	0.003	0.001	0.995
0.001	0.001	0.949	0.049
0.991	0.001	0.005	0.003
0.089	0.576	0.250	0.085
0.008	0.001	0.008	0.983
0.054	0.942	0.003	0.001
0.995	0.001	0.002	0.002
0.042	0.197	0.173	0.588
>CCACTAGRKGGC	2-CCACTAGRKGGC,BestGuess:CTCF/MA0139.2/Jaspar(0.928)	10.130637	-10101.613641	0	T:5577.0(6.12%),B:364.1(0.40%),P:1e-4387
0.142	0.779	0.020	0.059
0.001	0.997	0.001	0.001
0.879	0.008	0.055	0.058
0.001	0.859	0.131	0.009
0.134	0.223	0.094	0.549
0.997	0.001	0.001	0.001
0.001	0.001	0.997	0.001
0.456	0.001	0.542	0.001
0.001	0.001	0.513	0.485
0.001	0.001	0.997	0.001
0.001	0.001	0.848	0.150
0.155	0.661	0.001	0.183
>YYCAAGGTCA	4-YYCAAGGTCA,BestGuess:Nr5a2(NR)/Pancreas-LRH1-ChIP-Seq(GSE34295)/Homer(0.979)	6.639168	-4756.300141	0	T:18948.0(20.80%),B:8920.0(9.91%),P:1e-2065
0.102	0.257	0.243	0.398
0.151	0.331	0.101	0.417
0.090	0.703	0.170	0.037
0.945	0.001	0.019	0.035
0.884	0.017	0.085	0.014
0.001	0.010	0.970	0.019
0.003	0.001	0.987	0.009
0.248	0.196	0.044	0.512
0.001	0.832	0.009	0.158
0.610	0.067	0.218	0.105
>RTTATGCAAT	8-RTTATGCAAT,BestGuess:MF0006.1_bZIP_cEBP-like_subclass/Jaspar(0.935)	5.959897	-1626.065347	0	T:10228.0(11.23%),B:5576.2(6.20%),P:1e-706
0.442	0.171	0.386	0.001
0.001	0.001	0.001	0.997
0.001	0.001	0.341	0.657
0.502	0.001	0.240	0.257
0.053	0.281	0.043	0.623
0.001	0.001	0.997	0.001
0.064	0.831	0.001	0.104
0.997	0.001	0.001	0.001
0.997	0.001	0.001	0.001
0.001	0.230	0.232	0.537
>AGATAAGVNN	9-AGATAAGVNN,BestGuess:Gata4(Zf)/Heart-Gata4-ChIP-Seq(GSE35151)/Homer(0.985)	7.528032	-892.200339	0	T:7031.0(7.72%),B:4081.7(4.54%),P:1e-387
0.596	0.017	0.010	0.377
0.001	0.001	0.997	0.001
0.943	0.055	0.001	0.001
0.001	0.001	0.001	0.997
0.831	0.001	0.001	0.167
0.985	0.001	0.013	0.001
0.241	0.239	0.486	0.034
0.355	0.256	0.308	0.081
0.219	0.200	0.305	0.276
0.255	0.225	0.248	0.272
>NNYTGSCARV	10-NNYTGSCARV,BestGuess:NF1-halfsite(CTF)/LNCaP-NF1-ChIP-Seq(Unpublished)/Homer(0.933)	5.977239	-713.445132	0	T:21867.0(24.00%),B:17062.5(18.96%),P:1e-309
0.259	0.242	0.256	0.243
0.242	0.277	0.236	0.246
0.056	0.430	0.060	0.454
0.360	0.062	0.061	0.517
0.069	0.080	0.800	0.051
0.028	0.490	0.434	0.047
0.051	0.784	0.106	0.059
0.828	0.001	0.066	0.105
0.478	0.041	0.445	0.035
0.313	0.351	0.315	0.021
>AGCGCCACCT	11-AGCGCCACCT,BestGuess:PB0117.1_Eomes_2/Jaspar(0.730)	9.523225	-680.930865	0	T:1141.0(1.25%),B:300.5(0.33%),P:1e-295
0.997	0.001	0.001	0.001
0.001	0.001	0.997	0.001
0.001	0.997	0.001	0.001
0.001	0.001	0.997	0.001
0.121	0.877	0.001	0.001
0.001	0.997	0.001	0.001
0.682	0.188	0.001	0.129
0.001	0.903	0.001	0.095
0.001	0.942	0.056	0.001
0.001	0.001	0.001	0.997
>GGCABNVWGCCA	8-GGCABNVWGCCA,BestGuess:Tlx?(NR)/NPC-H3K4me1-ChIP-Seq(GSE16256)/Homer(0.894)	7.635958	-679.034587	0	T:8875.0(9.74%),B:5877.7(6.53%),P:1e-294
0.001	0.001	0.997	0.001
0.001	0.001	0.808	0.190
0.328	0.670	0.001	0.001
0.545	0.084	0.001	0.370
0.162	0.318	0.312	0.208
0.231	0.282	0.250	0.237
0.220	0.340	0.258	0.183
0.357	0.001	0.157	0.484
0.001	0.001	0.640	0.358
0.001	0.997	0.001	0.001
0.001	0.997	0.001	0.001
0.474	0.261	0.001	0.264
>GGCCCCGCCC	12-GGCCCCGCCC,BestGuess:Sp2(Zf)/HEK293-Sp2.eGFP-ChIP-Seq(Encode)/Homer(0.949)	7.640725	-541.505887	0	T:12406.0(13.62%),B:9164.4(10.18%),P:1e-235
0.213	0.117	0.511	0.159
0.209	0.001	0.625	0.165
0.022	0.750	0.041	0.187
0.120	0.626	0.001	0.253
0.192	0.798	0.001	0.009
0.001	0.946	0.001	0.052
0.060	0.001	0.670	0.269
0.001	0.991	0.001	0.007
0.001	0.997	0.001	0.001
0.001	0.856	0.001	0.142
>RVTGACGTCA	13-RVTGACGTCA,BestGuess:Atf7(bZIP)/3T3L1-Atf7-ChIP-Seq(GSE56872)/Homer(0.961)	6.831141	-538.437296	0	T:6211.0(6.82%),B:3979.7(4.42%),P:1e-233
0.415	0.144	0.320	0.121
0.406	0.273	0.294	0.028
0.010	0.005	0.013	0.972
0.101	0.044	0.789	0.066
0.904	0.055	0.007	0.034
0.029	0.636	0.245	0.090
0.097	0.310	0.592	0.001
0.005	0.060	0.016	0.919
0.062	0.842	0.015	0.081
0.808	0.043	0.074	0.075
>CWCGTGAC	16-CWCGTGAC,BestGuess:TFEC/MA0871.3/Jaspar(0.917)	7.274871	-454.406000	0	T:6971.0(7.65%),B:4757.5(5.29%),P:1e-197
0.001	0.997	0.001	0.001
0.491	0.001	0.001	0.507
0.190	0.598	0.001	0.211
0.001	0.001	0.997	0.001
0.001	0.001	0.001	0.997
0.001	0.260	0.738	0.001
0.811	0.001	0.187	0.001
0.001	0.639	0.001	0.359
>GCTATTTTTAGC	12-GCTATTTTTAGC,BestGuess:Mef2d(MADS)/Retina-Mef2d-ChIP-Seq(GSE61391)/Homer(0.976)	7.950720	-365.400971	0	T:2403.0(2.64%),B:1306.2(1.45%),P:1e-158
0.062	0.067	0.555	0.316
0.001	0.818	0.028	0.153
0.003	0.001	0.001	0.995
0.899	0.007	0.048	0.046
0.005	0.001	0.001	0.993
0.020	0.001	0.001	0.978
0.015	0.011	0.001	0.973
0.280	0.007	0.001	0.712
0.119	0.025	0.011	0.845
0.979	0.001	0.010	0.010
0.041	0.031	0.701	0.227
0.157	0.624	0.090	0.129
>GGAAACCG	19-GGAAACCG,BestGuess:IRF4(IRF)/GM12878-IRF4-ChIP-Seq(GSE32465)/Homer(0.791)	5.115417	-290.870651	0	T:22535.0(24.73%),B:19278.8(21.42%),P:1e-126
0.119	0.086	0.596	0.199
0.063	0.080	0.766	0.091
0.708	0.045	0.182	0.065
0.784	0.049	0.065	0.102
0.843	0.051	0.057	0.049
0.022	0.840	0.051	0.087
0.170	0.649	0.061	0.120
0.109	0.011	0.818	0.062
>GCCAGGCCTG	17-GCCAGGCCTG,BestGuess:ZFX(Zf)/mES-Zfx-ChIP-Seq(GSE11431)/Homer(0.783)	7.041840	-288.136537	0	T:16544.0(18.16%),B:13724.6(15.25%),P:1e-125
0.001	0.107	0.789	0.103
0.001	0.932	0.001	0.066
0.036	0.834	0.001	0.129
0.707	0.032	0.096	0.165
0.122	0.001	0.876	0.001
0.001	0.269	0.729	0.001
0.001	0.673	0.325	0.001
0.062	0.834	0.040	0.064
0.190	0.063	0.034	0.713
0.051	0.036	0.738	0.175
>GAAASTGAAASY	16-GAAASTGAAASY,BestGuess:IRF1(IRF)/PBMC-IRF1-ChIP-Seq(GSE43036)/Homer(0.969)	10.504045	-279.089779	0	T:1332.0(1.46%),B:643.2(0.71%),P:1e-121
0.248	0.130	0.431	0.191
0.794	0.001	0.204	0.001
0.884	0.001	0.114	0.001
0.997	0.001	0.001	0.001
0.189	0.388	0.423	0.001
0.286	0.054	0.008	0.652
0.001	0.001	0.997	0.001
0.988	0.001	0.010	0.001
0.997	0.001	0.001	0.001
0.997	0.001	0.001	0.001
0.074	0.423	0.502	0.001
0.088	0.438	0.030	0.443
>GCCCGGAA	22-GCCCGGAA,BestGuess:Elk4(ETS)/Hela-Elk4-ChIP-Seq(GSE31477)/Homer(0.846)	5.802445	-239.418922	0	T:12521.0(13.74%),B:10254.2(11.39%),P:1e-103
0.063	0.029	0.785	0.123
0.139	0.808	0.036	0.017
0.001	0.897	0.101	0.001
0.063	0.783	0.094	0.060
0.001	0.001	0.997	0.001
0.001	0.001	0.997	0.001
0.895	0.027	0.050	0.028
0.921	0.001	0.077	0.001
>GCTGTAAT	23-GCTGTAAT,BestGuess:Rhox11/MA0629.2/Jaspar(0.838)	6.461619	-166.859971	0	T:7829.0(8.59%),B:6313.9(7.02%),P:1e-72
0.177	0.092	0.620	0.111
0.001	0.988	0.010	0.001
0.051	0.001	0.016	0.932
0.031	0.019	0.949	0.001
0.110	0.025	0.001	0.864
0.928	0.001	0.050	0.021
0.803	0.135	0.020	0.042
0.001	0.028	0.001	0.970
>CTATCCAATCAG	17-CTATCCAATCAG,BestGuess:NFYA/MA0060.4/Jaspar(0.752)	12.570735	-158.580078	0	T:63.0(0.07%),B:2.6(0.00%),P:1e-68
0.097	0.748	0.001	0.154
0.001	0.001	0.001	0.997
0.997	0.001	0.001	0.001
0.001	0.001	0.001	0.997
0.001	0.997	0.001	0.001
0.194	0.612	0.097	0.097
0.997	0.001	0.001	0.001
0.800	0.198	0.001	0.001
0.001	0.001	0.001	0.997
0.001	0.997	0.001	0.001
0.708	0.001	0.194	0.097
0.001	0.001	0.997	0.001
>GACAGGACGCCC	18-GACAGGACGCCC,BestGuess:ETV2::FOXI1/MA1942.2/Jaspar(0.644)	11.570463	-155.141194	0	T:62.0(0.07%),B:2.9(0.00%),P:1e-67
0.001	0.001	0.994	0.004
0.997	0.001	0.001	0.001
0.029	0.969	0.001	0.001
0.997	0.001	0.001	0.001
0.057	0.001	0.941	0.001
0.029	0.001	0.969	0.001
0.997	0.001	0.001	0.001
0.001	0.997	0.001	0.001
0.116	0.001	0.882	0.001
0.001	0.997	0.001	0.001
0.137	0.861	0.001	0.001
0.001	0.997	0.001	0.001
>GAGTGATAGAAG	20-GAGTGATAGAAG,BestGuess:HOXD9/MA0913.3/Jaspar(0.640)	11.466488	-103.333098	0	T:58.0(0.06%),B:4.7(0.01%),P:1e-44
0.034	0.107	0.635	0.224
0.912	0.001	0.064	0.023
0.358	0.012	0.607	0.023
0.034	0.346	0.011	0.609
0.312	0.057	0.597	0.034
0.965	0.012	0.001	0.022
0.022	0.318	0.023	0.637
0.640	0.066	0.034	0.260
0.322	0.034	0.611	0.033
0.954	0.011	0.001	0.034
0.676	0.218	0.057	0.049
0.063	0.001	0.924	0.012
>TCAGCACGGCGG	22-TCAGCACGGCGG,BestGuess:REST/MA0138.3/Jaspar(0.678)	11.424732	-90.335135	0	T:48.0(0.05%),B:3.8(0.00%),P:1e-39
0.357	0.022	0.055	0.566
0.078	0.607	0.031	0.284
0.840	0.052	0.035	0.073
0.044	0.013	0.905	0.038
0.040	0.831	0.013	0.116
0.920	0.035	0.029	0.016
0.041	0.861	0.054	0.044
0.210	0.279	0.446	0.064
0.263	0.016	0.477	0.244
0.140	0.576	0.148	0.136
0.059	0.233	0.637	0.071
0.051	0.022	0.795	0.132
>ATTGGACGGTTC	24-ATTGGACGGTTC,BestGuess:PB0134.1_Hnf4a_2/Jaspar(0.627)	11.197296	-87.713039	0	T:68.0(0.07%),B:8.5(0.01%),P:1e-38
0.818	0.044	0.090	0.048
0.059	0.054	0.035	0.852
0.035	0.020	0.040	0.905
0.048	0.020	0.917	0.015
0.040	0.069	0.867	0.024
0.800	0.086	0.069	0.045
0.048	0.782	0.054	0.116
0.181	0.030	0.681	0.108
0.029	0.030	0.892	0.049
0.025	0.090	0.044	0.841
0.025	0.035	0.059	0.881
0.024	0.775	0.020	0.181
>AAAAAAAAAAAA	25-AAAAAAAAAAAA,BestGuess:PB0182.1_Srf_2/Jaspar(0.882)	11.248722	-66.485752	0	T:1549.0(1.70%),B:1136.9(1.26%),P:1e-28
0.633	0.001	0.346	0.020
0.722	0.038	0.239	0.001
0.883	0.001	0.115	0.001
0.925	0.001	0.073	0.001
0.997	0.001	0.001	0.001
0.932	0.001	0.001	0.066
0.837	0.090	0.001	0.072
0.782	0.181	0.001	0.036
0.841	0.090	0.001	0.068
0.713	0.144	0.046	0.097
0.806	0.192	0.001	0.001
0.583	0.153	0.138	0.126
>TCCCGTAGGG	24-TCCCGTAGGG,BestGuess:Ebf4/MA2122.1/Jaspar(0.702)	8.874057	-42.314610	0	T:25.0(0.03%),B:2.7(0.00%),P:1e-18
0.001	0.001	0.001	0.997
0.001	0.997	0.001	0.001
0.001	0.997	0.001	0.001
0.001	0.997	0.001	0.001
0.001	0.001	0.997	0.001
0.001	0.001	0.001	0.997
0.997	0.001	0.001	0.001
0.001	0.007	0.991	0.001
0.001	0.001	0.997	0.001
0.001	0.001	0.997	0.001
>GTCATCTTAG	25-GTCATCTTAG,BestGuess:ZNF680/MA1729.2/Jaspar(0.613)	10.296193	-14.633402	0	T:40.0(0.04%),B:16.6(0.02%),P:1e-6
0.100	0.100	0.700	0.100
0.100	0.100	0.100	0.700
0.100	0.700	0.100	0.100
0.700	0.100	0.100	0.100
0.100	0.100	0.100	0.700
0.100	0.700	0.100	0.100
0.100	0.100	0.100	0.700
0.100	0.100	0.100	0.700
0.700	0.100	0.100	0.100
0.100	0.100	0.700	0.100
