>CACTAGAGGG	1-CACTAGAGGG	7.043268	-795.967007	0	T:1441.0(6.82%),B:1511.8(1.97%),P:1e-345	Tpos:100.3,Tstd:40.6,Bpos:97.5,Bstd:56.5,StrandBias:-0.1,Multiplicity:1.03
0.001	0.997	0.001	0.001
0.971	0.001	0.027	0.001
0.005	0.910	0.060	0.025
0.056	0.198	0.019	0.727
0.997	0.001	0.001	0.001
0.001	0.001	0.997	0.001
0.823	0.005	0.171	0.001
0.001	0.001	0.784	0.214
0.017	0.006	0.967	0.010
0.011	0.001	0.974	0.014
>ARKGGGCGGR	2-ARKGGGCGGR	6.892830	-769.823778	0	T:7852.0(37.14%),B:19187.0(24.97%),P:1e-334	Tpos:99.5,Tstd:51.6,Bpos:92.4,Bstd:62.5,StrandBias:-0.0,Multiplicity:1.47
0.591	0.075	0.143	0.191
0.380	0.079	0.411	0.130
0.222	0.003	0.427	0.347
0.240	0.028	0.578	0.154
0.126	0.011	0.852	0.011
0.005	0.017	0.973	0.005
0.144	0.756	0.024	0.076
0.008	0.043	0.948	0.001
0.014	0.001	0.860	0.125
0.335	0.020	0.471	0.173
>CCRATTGGYB	3-CCRATTGGYB	6.955584	-736.884174	0	T:2064.0(9.76%),B:2907.8(3.78%),P:1e-320	Tpos:100.4,Tstd:47.7,Bpos:82.1,Bstd:64.6,StrandBias:-0.1,Multiplicity:1.21
0.001	0.524	0.242	0.233
0.001	0.571	0.122	0.306
0.370	0.187	0.321	0.123
0.995	0.001	0.003	0.001
0.004	0.001	0.001	0.994
0.128	0.205	0.114	0.553
0.106	0.001	0.892	0.001
0.001	0.001	0.997	0.001
0.188	0.343	0.145	0.324
0.138	0.311	0.289	0.262
>HBBYBATTGG	4-HBBYBATTGG	6.674860	-729.634072	0	T:2542.0(12.02%),B:4038.6(5.26%),P:1e-316	Tpos:100.0,Tstd:51.4,Bpos:92.6,Bstd:63.6,StrandBias:0.1,Multiplicity:1.09
0.409	0.329	0.001	0.261
0.001	0.358	0.316	0.325
0.127	0.330	0.306	0.237
0.001	0.416	0.118	0.465
0.001	0.312	0.412	0.275
0.964	0.001	0.007	0.028
0.031	0.016	0.001	0.952
0.117	0.001	0.001	0.881
0.001	0.001	0.983	0.015
0.020	0.053	0.883	0.044
>GCCCCGCCCH	5-GCCCCGCCCH	8.146785	-630.839051	0	T:5091.0(24.08%),B:11375.9(14.81%),P:1e-273	Tpos:100.2,Tstd:51.8,Bpos:94.0,Bstd:60.0,StrandBias:-0.1,Multiplicity:1.14
0.398	0.001	0.600	0.001
0.162	0.752	0.069	0.017
0.105	0.550	0.001	0.344
0.413	0.585	0.001	0.001
0.001	0.997	0.001	0.001
0.411	0.001	0.587	0.001
0.001	0.997	0.001	0.001
0.001	0.997	0.001	0.001
0.001	0.768	0.001	0.230
0.271	0.364	0.060	0.305
>YAYTTCCGGY	6-YAYTTCCGGY	6.895307	-622.945761	0	T:3925.0(18.57%),B:8036.4(10.46%),P:1e-270	Tpos:101.8,Tstd:50.1,Bpos:95.6,Bstd:61.7,StrandBias:0.1,Multiplicity:1.21
0.178	0.357	0.192	0.274
0.452	0.127	0.291	0.130
0.037	0.482	0.117	0.364
0.161	0.001	0.001	0.837
0.023	0.001	0.017	0.959
0.001	0.997	0.001	0.001
0.001	0.997	0.001	0.001
0.001	0.085	0.573	0.341
0.053	0.258	0.467	0.222
0.156	0.320	0.152	0.373
>TAGTTCCGCC	7-TAGTTCCGCC	4.600132	-421.475938	0	T:10789.0(51.04%),B:31635.8(41.17%),P:1e-183	Tpos:100.6,Tstd:54.8,Bpos:100.5,Bstd:65.0,StrandBias:-0.0,Multiplicity:1.32
0.101	0.124	0.078	0.697
0.655	0.095	0.137	0.113
0.100	0.097	0.688	0.115
0.103	0.137	0.105	0.655
0.101	0.130	0.088	0.681
0.090	0.712	0.103	0.095
0.098	0.719	0.113	0.070
0.079	0.081	0.763	0.077
0.100	0.710	0.098	0.092
0.077	0.719	0.101	0.103
>RTGASTCATC	8-RTGASTCATC	7.258018	-409.902146	0	T:1029.0(4.87%),B:1341.4(1.75%),P:1e-178	Tpos:100.4,Tstd:47.1,Bpos:99.9,Bstd:57.6,StrandBias:-0.0,Multiplicity:1.09
0.423	0.217	0.328	0.032
0.001	0.001	0.001	0.997
0.002	0.001	0.918	0.079
0.905	0.093	0.001	0.001
0.058	0.401	0.461	0.080
0.001	0.001	0.001	0.997
0.095	0.885	0.019	0.001
0.995	0.002	0.002	0.001
0.014	0.303	0.229	0.455
0.219	0.438	0.150	0.192
>ACTACAAYTC	9-ACTACAAYTC	7.894561	-391.341632	0	T:636.0(3.01%),B:606.5(0.79%),P:1e-169	Tpos:103.0,Tstd:51.4,Bpos:87.5,Bstd:69.2,StrandBias:0.0,Multiplicity:1.14
0.931	0.030	0.026	0.013
0.017	0.929	0.040	0.014
0.036	0.044	0.033	0.887
0.941	0.010	0.036	0.013
0.021	0.949	0.003	0.027
0.812	0.088	0.055	0.045
0.584	0.112	0.124	0.180
0.151	0.367	0.156	0.327
0.063	0.093	0.046	0.798
0.023	0.805	0.102	0.070
>TSACGTSACK	10-TSACGTSACK	5.951662	-387.381519	0	T:2055.0(9.72%),B:3879.1(5.05%),P:1e-168	Tpos:100.0,Tstd:50.2,Bpos:90.5,Bstd:62.3,StrandBias:0.0,Multiplicity:1.13
0.133	0.140	0.067	0.660
0.014	0.399	0.459	0.129
0.815	0.011	0.157	0.017
0.001	0.860	0.002	0.137
0.085	0.001	0.911	0.003
0.019	0.097	0.001	0.883
0.152	0.430	0.391	0.026
0.895	0.018	0.017	0.070
0.054	0.572	0.118	0.256
0.101	0.236	0.396	0.268
>CCGCCATYTT	11-CCGCCATYTT	8.457230	-316.492932	0	T:703.0(3.33%),B:845.7(1.10%),P:1e-137	Tpos:101.5,Tstd:53.4,Bpos:106.5,Bstd:60.1,StrandBias:-0.2,Multiplicity:1.04
0.029	0.821	0.129	0.021
0.056	0.891	0.052	0.001
0.001	0.001	0.984	0.014
0.022	0.976	0.001	0.001
0.003	0.973	0.023	0.001
0.990	0.008	0.001	0.001
0.005	0.001	0.001	0.993
0.028	0.319	0.197	0.456
0.022	0.001	0.001	0.976
0.005	0.010	0.001	0.984
>KCCSGCCAAT	12-KCCSGCCAAT	5.319612	-272.642999	0	T:3491.0(16.51%),B:8590.5(11.18%),P:1e-118	Tpos:99.8,Tstd:55.2,Bpos:100.7,Bstd:65.5,StrandBias:0.0,Multiplicity:1.07
0.104	0.146	0.370	0.380
0.036	0.594	0.222	0.148
0.002	0.633	0.207	0.158
0.224	0.291	0.388	0.098
0.020	0.172	0.711	0.097
0.004	0.561	0.148	0.287
0.093	0.539	0.062	0.306
0.604	0.003	0.086	0.307
0.542	0.039	0.247	0.172
0.232	0.272	0.057	0.439
>TGCGCATGCG	13-TGCGCATGCG	7.580300	-208.926964	0	T:1204.0(5.70%),B:2324.5(3.03%),P:1e-90	Tpos:100.6,Tstd:54.6,Bpos:89.8,Bstd:60.9,StrandBias:-0.0,Multiplicity:1.16
0.218	0.213	0.178	0.391
0.378	0.016	0.595	0.011
0.126	0.872	0.001	0.001
0.198	0.001	0.800	0.001
0.034	0.930	0.001	0.035
0.606	0.070	0.080	0.244
0.274	0.108	0.098	0.520
0.128	0.001	0.775	0.096
0.148	0.714	0.021	0.117
0.088	0.068	0.650	0.194
>CGCGCTATTT	14-CGCGCTATTT	4.973594	-155.402817	0	T:1757.0(8.31%),B:4149.4(5.40%),P:1e-67	Tpos:101.1,Tstd:56.1,Bpos:101.5,Bstd:68.0,StrandBias:-0.1,Multiplicity:1.04
0.176	0.464	0.155	0.205
0.014	0.158	0.695	0.133
0.125	0.646	0.137	0.092
0.179	0.119	0.577	0.125
0.187	0.552	0.131	0.130
0.138	0.131	0.187	0.544
0.614	0.138	0.151	0.097
0.151	0.137	0.143	0.569
0.144	0.159	0.117	0.580
0.203	0.208	0.175	0.415
>CCWTRGCAAC	15-CCWTRGCAAC	6.681541	-128.450826	0	T:1503.0(7.11%),B:3573.8(4.65%),P:1e-55	Tpos:98.9,Tstd:55.2,Bpos:99.3,Bstd:63.8,StrandBias:0.0,Multiplicity:1.14
0.042	0.633	0.231	0.094
0.060	0.582	0.088	0.270
0.439	0.125	0.054	0.382
0.189	0.042	0.001	0.768
0.407	0.099	0.473	0.022
0.078	0.023	0.891	0.008
0.115	0.739	0.048	0.098
0.762	0.001	0.219	0.018
0.946	0.001	0.052	0.001
0.001	0.979	0.001	0.019
>GCSATTGGWY	16-GCSATTGGWY	6.687476	-124.848106	0	T:448.0(2.12%),B:708.8(0.92%),P:1e-54	Tpos:100.7,Tstd:53.2,Bpos:105.3,Bstd:59.3,StrandBias:-0.0,Multiplicity:1.01
0.268	0.015	0.710	0.007
0.014	0.571	0.206	0.209
0.022	0.450	0.497	0.031
0.701	0.010	0.276	0.013
0.238	0.193	0.023	0.546
0.019	0.217	0.133	0.631
0.233	0.143	0.427	0.197
0.345	0.007	0.634	0.014
0.392	0.025	0.103	0.480
0.121	0.468	0.013	0.397
>TTAAAGGGGC	17-TTAAAGGGGC	8.060237	-110.129348	0	T:421.0(1.99%),B:686.5(0.89%),P:1e-47	Tpos:96.4,Tstd:55.2,Bpos:92.2,Bstd:63.4,StrandBias:-0.2,Multiplicity:1.08
0.001	0.010	0.001	0.988
0.001	0.001	0.016	0.982
0.924	0.011	0.024	0.041
0.969	0.027	0.001	0.003
0.980	0.012	0.007	0.001
0.001	0.023	0.969	0.007
0.076	0.016	0.895	0.013
0.094	0.038	0.867	0.001
0.037	0.220	0.742	0.001
0.095	0.880	0.001	0.024
>NTCTCGCGAG	18-NTCTCGCGAG	8.946076	-89.856893	0	T:236.0(1.12%),B:317.7(0.41%),P:1e-39	Tpos:102.4,Tstd:47.5,Bpos:83.5,Bstd:70.8,StrandBias:0.1,Multiplicity:1.08
0.213	0.322	0.282	0.183
0.004	0.031	0.051	0.914
0.108	0.782	0.036	0.074
0.030	0.001	0.035	0.934
0.056	0.942	0.001	0.001
0.132	0.001	0.800	0.067
0.001	0.948	0.001	0.050
0.043	0.001	0.870	0.086
0.866	0.036	0.014	0.084
0.001	0.113	0.731	0.155
>CCATATAAGG	19-CCATATAAGG	9.854007	-53.652894	0	T:83.0(0.39%),B:78.4(0.10%),P:1e-23	Tpos:103.2,Tstd:52.5,Bpos:97.9,Bstd:61.5,StrandBias:0.4,Multiplicity:1.04
0.001	0.983	0.015	0.001
0.001	0.960	0.016	0.023
0.937	0.001	0.001	0.061
0.246	0.001	0.001	0.752
0.986	0.001	0.001	0.012
0.075	0.035	0.048	0.842
0.885	0.066	0.001	0.048
0.931	0.001	0.001	0.067
0.020	0.016	0.963	0.001
0.001	0.001	0.997	0.001
>CCTTATGYAA	20-CCTTATGYAA	7.749326	-47.610946	0	T:71.0(0.34%),B:65.3(0.08%),P:1e-20	Tpos:103.0,Tstd:52.3,Bpos:105.5,Bstd:57.5,StrandBias:-0.6,Multiplicity:1.00
0.028	0.535	0.197	0.240
0.247	0.443	0.199	0.110
0.027	0.127	0.151	0.695
0.027	0.039	0.146	0.788
0.622	0.188	0.033	0.157
0.013	0.185	0.245	0.557
0.251	0.011	0.718	0.020
0.227	0.271	0.105	0.397
0.928	0.020	0.027	0.025
0.574	0.186	0.106	0.134
>GCTTTACGGC	21-GCTTTACGGC	8.490089	-40.835092	0	T:133.0(0.63%),B:204.8(0.27%),P:1e-17	Tpos:95.9,Tstd:57.5,Bpos:93.7,Bstd:66.5,StrandBias:0.0,Multiplicity:1.07
0.037	0.225	0.600	0.138
0.280	0.637	0.053	0.030
0.008	0.240	0.079	0.673
0.073	0.008	0.034	0.885
0.008	0.059	0.224	0.709
0.614	0.195	0.089	0.102
0.029	0.939	0.013	0.019
0.189	0.042	0.697	0.072
0.157	0.001	0.827	0.015
0.119	0.647	0.057	0.177
>ACCCGGATGT	22-ACCCGGATGT	11.039021	-35.899947	0	T:22.0(0.10%),B:7.2(0.01%),P:1e-15	Tpos:90.3,Tstd:53.1,Bpos:99.9,Bstd:30.2,StrandBias:-0.3,Multiplicity:1.00
0.997	0.001	0.001	0.001
0.061	0.937	0.001	0.001
0.001	0.997	0.001	0.001
0.001	0.997	0.001	0.001
0.001	0.001	0.997	0.001
0.001	0.001	0.997	0.001
0.997	0.001	0.001	0.001
0.001	0.001	0.001	0.997
0.001	0.001	0.997	0.001
0.001	0.001	0.001	0.997
>TCCSTATWTG	23-TCCSTATWTG	11.448378	-34.522838	0	T:16.0(0.08%),B:4.0(0.01%),P:1e-14	Tpos:118.5,Tstd:51.5,Bpos:80.6,Bstd:36.7,StrandBias:-1.1,Multiplicity:1.00
0.001	0.001	0.001	0.997
0.001	0.997	0.001	0.001
0.001	0.804	0.194	0.001
0.001	0.526	0.472	0.001
0.194	0.001	0.001	0.804
0.997	0.001	0.001	0.001
0.001	0.001	0.001	0.997
0.472	0.194	0.001	0.332
0.001	0.001	0.194	0.804
0.001	0.001	0.997	0.001
>CGAAAGCTAT	24-CGAAAGCTAT	9.686878	-26.534933	0	T:37.0(0.18%),B:33.8(0.04%),P:1e-11	Tpos:84.9,Tstd:55.2,Bpos:84.6,Bstd:69.3,StrandBias:0.3,Multiplicity:1.03
0.001	0.997	0.001	0.001
0.001	0.001	0.997	0.001
0.891	0.001	0.107	0.001
0.944	0.001	0.001	0.054
0.997	0.001	0.001	0.001
0.001	0.001	0.997	0.001
0.001	0.997	0.001	0.001
0.295	0.001	0.001	0.703
0.586	0.001	0.001	0.412
0.001	0.064	0.001	0.934
>TCCTCCGTTA	25-TCCTCCGTTA	10.296193	-20.369775	0	T:11.0(0.05%),B:3.1(0.00%),P:1e-8	Tpos:74.8,Tstd:58.2,Bpos:128.6,Bstd:18.6,StrandBias:3.2,Multiplicity:1.00
0.100	0.100	0.100	0.700
0.100	0.700	0.100	0.100
0.100	0.700	0.100	0.100
0.100	0.100	0.100	0.700
0.100	0.700	0.100	0.100
0.100	0.700	0.100	0.100
0.100	0.100	0.700	0.100
0.100	0.100	0.100	0.700
0.100	0.100	0.100	0.700
0.700	0.100	0.100	0.100
