>CACTAGAGGG	1-CACTAGAGGG	7.043268	-795.967007	0	T:1441.0(6.82%),B:1511.8(1.97%),P:1e-345	Tpos:100.3,Tstd:40.6,Bpos:97.5,Bstd:56.5,StrandBias:-0.1,Multiplicity:1.03
0.001	0.997	0.001	0.001
0.971	0.001	0.027	0.001
0.005	0.910	0.060	0.025
0.056	0.198	0.019	0.727
0.997	0.001	0.001	0.001
0.001	0.001	0.997	0.001
0.823	0.005	0.171	0.001
0.001	0.001	0.784	0.214
0.017	0.006	0.967	0.010
0.011	0.001	0.974	0.014
>ARKGGGCGGR	2-ARKGGGCGGR	6.892830	-769.823778	0	T:7852.0(37.14%),B:19187.0(24.97%),P:1e-334	Tpos:99.5,Tstd:51.6,Bpos:92.4,Bstd:62.5,StrandBias:-0.0,Multiplicity:1.47
0.591	0.075	0.143	0.191
0.380	0.079	0.411	0.130
0.222	0.003	0.427	0.347
0.240	0.028	0.578	0.154
0.126	0.011	0.852	0.011
0.005	0.017	0.973	0.005
0.144	0.756	0.024	0.076
0.008	0.043	0.948	0.001
0.014	0.001	0.860	0.125
0.335	0.020	0.471	0.173
>CCRATTGGYB	3-CCRATTGGYB	6.955584	-736.884174	0	T:2064.0(9.76%),B:2907.8(3.78%),P:1e-320	Tpos:100.4,Tstd:47.7,Bpos:82.1,Bstd:64.6,StrandBias:-0.1,Multiplicity:1.21
0.001	0.524	0.242	0.233
0.001	0.571	0.122	0.306
0.370	0.187	0.321	0.123
0.995	0.001	0.003	0.001
0.004	0.001	0.001	0.994
0.128	0.205	0.114	0.553
0.106	0.001	0.892	0.001
0.001	0.001	0.997	0.001
0.188	0.343	0.145	0.324
0.138	0.311	0.289	0.262
>HBBYBATTGG	4-HBBYBATTGG	6.674860	-729.634072	0	T:2542.0(12.02%),B:4038.6(5.26%),P:1e-316	Tpos:100.0,Tstd:51.4,Bpos:92.6,Bstd:63.6,StrandBias:0.1,Multiplicity:1.09
0.409	0.329	0.001	0.261
0.001	0.358	0.316	0.325
0.127	0.330	0.306	0.237
0.001	0.416	0.118	0.465
0.001	0.312	0.412	0.275
0.964	0.001	0.007	0.028
0.031	0.016	0.001	0.952
0.117	0.001	0.001	0.881
0.001	0.001	0.983	0.015
0.020	0.053	0.883	0.044
>GCCCCGCCCH	5-GCCCCGCCCH	8.146785	-630.839051	0	T:5091.0(24.08%),B:11375.9(14.81%),P:1e-273	Tpos:100.2,Tstd:51.8,Bpos:94.0,Bstd:60.0,StrandBias:-0.1,Multiplicity:1.14
0.398	0.001	0.600	0.001
0.162	0.752	0.069	0.017
0.105	0.550	0.001	0.344
0.413	0.585	0.001	0.001
0.001	0.997	0.001	0.001
0.411	0.001	0.587	0.001
0.001	0.997	0.001	0.001
0.001	0.997	0.001	0.001
0.001	0.768	0.001	0.230
0.271	0.364	0.060	0.305
>YAYTTCCGGY	6-YAYTTCCGGY	6.895307	-622.945761	0	T:3925.0(18.57%),B:8036.4(10.46%),P:1e-270	Tpos:101.8,Tstd:50.1,Bpos:95.6,Bstd:61.7,StrandBias:0.1,Multiplicity:1.21
0.178	0.357	0.192	0.274
0.452	0.127	0.291	0.130
0.037	0.482	0.117	0.364
0.161	0.001	0.001	0.837
0.023	0.001	0.017	0.959
0.001	0.997	0.001	0.001
0.001	0.997	0.001	0.001
0.001	0.085	0.573	0.341
0.053	0.258	0.467	0.222
0.156	0.320	0.152	0.373
>TAGTTCCGCC	7-TAGTTCCGCC	4.600132	-421.475938	0	T:10789.0(51.04%),B:31635.8(41.17%),P:1e-183	Tpos:100.6,Tstd:54.8,Bpos:100.5,Bstd:65.0,StrandBias:-0.0,Multiplicity:1.32
0.101	0.124	0.078	0.697
0.655	0.095	0.137	0.113
0.100	0.097	0.688	0.115
0.103	0.137	0.105	0.655
0.101	0.130	0.088	0.681
0.090	0.712	0.103	0.095
0.098	0.719	0.113	0.070
0.079	0.081	0.763	0.077
0.100	0.710	0.098	0.092
0.077	0.719	0.101	0.103
>RTGASTCATC	8-RTGASTCATC	7.258018	-409.902146	0	T:1029.0(4.87%),B:1341.4(1.75%),P:1e-178	Tpos:100.4,Tstd:47.1,Bpos:99.9,Bstd:57.6,StrandBias:-0.0,Multiplicity:1.09
0.423	0.217	0.328	0.032
0.001	0.001	0.001	0.997
0.002	0.001	0.918	0.079
0.905	0.093	0.001	0.001
0.058	0.401	0.461	0.080
0.001	0.001	0.001	0.997
0.095	0.885	0.019	0.001
0.995	0.002	0.002	0.001
0.014	0.303	0.229	0.455
0.219	0.438	0.150	0.192
>ACTACAAYTC	9-ACTACAAYTC	7.894561	-391.341632	0	T:636.0(3.01%),B:606.5(0.79%),P:1e-169	Tpos:103.0,Tstd:51.4,Bpos:87.5,Bstd:69.2,StrandBias:0.0,Multiplicity:1.14
0.931	0.030	0.026	0.013
0.017	0.929	0.040	0.014
0.036	0.044	0.033	0.887
0.941	0.010	0.036	0.013
0.021	0.949	0.003	0.027
0.812	0.088	0.055	0.045
0.584	0.112	0.124	0.180
0.151	0.367	0.156	0.327
0.063	0.093	0.046	0.798
0.023	0.805	0.102	0.070
>TSACGTSACK	10-TSACGTSACK	5.951662	-387.381519	0	T:2055.0(9.72%),B:3879.1(5.05%),P:1e-168	Tpos:100.0,Tstd:50.2,Bpos:90.5,Bstd:62.3,StrandBias:0.0,Multiplicity:1.13
0.133	0.140	0.067	0.660
0.014	0.399	0.459	0.129
0.815	0.011	0.157	0.017
0.001	0.860	0.002	0.137
0.085	0.001	0.911	0.003
0.019	0.097	0.001	0.883
0.152	0.430	0.391	0.026
0.895	0.018	0.017	0.070
0.054	0.572	0.118	0.256
0.101	0.236	0.396	0.268
>CCGCCATYTT	11-CCGCCATYTT	8.457230	-316.492932	0	T:703.0(3.33%),B:845.7(1.10%),P:1e-137	Tpos:101.5,Tstd:53.4,Bpos:106.5,Bstd:60.1,StrandBias:-0.2,Multiplicity:1.04
0.029	0.821	0.129	0.021
0.056	0.891	0.052	0.001
0.001	0.001	0.984	0.014
0.022	0.976	0.001	0.001
0.003	0.973	0.023	0.001
0.990	0.008	0.001	0.001
0.005	0.001	0.001	0.993
0.028	0.319	0.197	0.456
0.022	0.001	0.001	0.976
0.005	0.010	0.001	0.984
>KCCSGCCAAT	12-KCCSGCCAAT	5.319612	-272.642999	0	T:3491.0(16.51%),B:8590.5(11.18%),P:1e-118	Tpos:99.8,Tstd:55.2,Bpos:100.7,Bstd:65.5,StrandBias:0.0,Multiplicity:1.07
0.104	0.146	0.370	0.380
0.036	0.594	0.222	0.148
0.002	0.633	0.207	0.158
0.224	0.291	0.388	0.098
0.020	0.172	0.711	0.097
0.004	0.561	0.148	0.287
0.093	0.539	0.062	0.306
0.604	0.003	0.086	0.307
0.542	0.039	0.247	0.172
0.232	0.272	0.057	0.439
>TGCGCATGCG	13-TGCGCATGCG	7.580300	-208.926964	0	T:1204.0(5.70%),B:2324.5(3.03%),P:1e-90	Tpos:100.6,Tstd:54.6,Bpos:89.8,Bstd:60.9,StrandBias:-0.0,Multiplicity:1.16
0.218	0.213	0.178	0.391
0.378	0.016	0.595	0.011
0.126	0.872	0.001	0.001
0.198	0.001	0.800	0.001
0.034	0.930	0.001	0.035
0.606	0.070	0.080	0.244
0.274	0.108	0.098	0.520
0.128	0.001	0.775	0.096
0.148	0.714	0.021	0.117
0.088	0.068	0.650	0.194
>CGCGCTATTT	14-CGCGCTATTT	4.973594	-155.402817	0	T:1757.0(8.31%),B:4149.4(5.40%),P:1e-67	Tpos:101.1,Tstd:56.1,Bpos:101.5,Bstd:68.0,StrandBias:-0.1,Multiplicity:1.04
0.176	0.464	0.155	0.205
0.014	0.158	0.695	0.133
0.125	0.646	0.137	0.092
0.179	0.119	0.577	0.125
0.187	0.552	0.131	0.130
0.138	0.131	0.187	0.544
0.614	0.138	0.151	0.097
0.151	0.137	0.143	0.569
0.144	0.159	0.117	0.580
0.203	0.208	0.175	0.415
>CCWTRGCAAC	15-CCWTRGCAAC	6.681541	-128.450826	0	T:1503.0(7.11%),B:3573.8(4.65%),P:1e-55	Tpos:98.9,Tstd:55.2,Bpos:99.3,Bstd:63.8,StrandBias:0.0,Multiplicity:1.14
0.042	0.633	0.231	0.094
0.060	0.582	0.088	0.270
0.439	0.125	0.054	0.382
0.189	0.042	0.001	0.768
0.407	0.099	0.473	0.022
0.078	0.023	0.891	0.008
0.115	0.739	0.048	0.098
0.762	0.001	0.219	0.018
0.946	0.001	0.052	0.001
0.001	0.979	0.001	0.019
>GCSATTGGWY	16-GCSATTGGWY	6.687476	-124.848106	0	T:448.0(2.12%),B:708.8(0.92%),P:1e-54	Tpos:100.7,Tstd:53.2,Bpos:105.3,Bstd:59.3,StrandBias:-0.0,Multiplicity:1.01
0.268	0.015	0.710	0.007
0.014	0.571	0.206	0.209
0.022	0.450	0.497	0.031
0.701	0.010	0.276	0.013
0.238	0.193	0.023	0.546
0.019	0.217	0.133	0.631
0.233	0.143	0.427	0.197
0.345	0.007	0.634	0.014
0.392	0.025	0.103	0.480
0.121	0.468	0.013	0.397
>TTAAAGGGGC	17-TTAAAGGGGC	8.060237	-110.129348	0	T:421.0(1.99%),B:686.5(0.89%),P:1e-47	Tpos:96.4,Tstd:55.2,Bpos:92.2,Bstd:63.4,StrandBias:-0.2,Multiplicity:1.08
0.001	0.010	0.001	0.988
0.001	0.001	0.016	0.982
0.924	0.011	0.024	0.041
0.969	0.027	0.001	0.003
0.980	0.012	0.007	0.001
0.001	0.023	0.969	0.007
0.076	0.016	0.895	0.013
0.094	0.038	0.867	0.001
0.037	0.220	0.742	0.001
0.095	0.880	0.001	0.024
>NTCTCGCGAG	18-NTCTCGCGAG	8.946076	-89.856893	0	T:236.0(1.12%),B:317.7(0.41%),P:1e-39	Tpos:102.4,Tstd:47.5,Bpos:83.5,Bstd:70.8,StrandBias:0.1,Multiplicity:1.08
0.213	0.322	0.282	0.183
0.004	0.031	0.051	0.914
0.108	0.782	0.036	0.074
0.030	0.001	0.035	0.934
0.056	0.942	0.001	0.001
0.132	0.001	0.800	0.067
0.001	0.948	0.001	0.050
0.043	0.001	0.870	0.086
0.866	0.036	0.014	0.084
0.001	0.113	0.731	0.155
>CCATATAAGG	19-CCATATAAGG	9.854007	-53.652894	0	T:83.0(0.39%),B:78.4(0.10%),P:1e-23	Tpos:103.2,Tstd:52.5,Bpos:97.9,Bstd:61.5,StrandBias:0.4,Multiplicity:1.04
0.001	0.983	0.015	0.001
0.001	0.960	0.016	0.023
0.937	0.001	0.001	0.061
0.246	0.001	0.001	0.752
0.986	0.001	0.001	0.012
0.075	0.035	0.048	0.842
0.885	0.066	0.001	0.048
0.931	0.001	0.001	0.067
0.020	0.016	0.963	0.001
0.001	0.001	0.997	0.001
>CCTTATGYAA	20-CCTTATGYAA	7.749326	-47.610946	0	T:71.0(0.34%),B:65.3(0.08%),P:1e-20	Tpos:103.0,Tstd:52.3,Bpos:105.5,Bstd:57.5,StrandBias:-0.6,Multiplicity:1.00
0.028	0.535	0.197	0.240
0.247	0.443	0.199	0.110
0.027	0.127	0.151	0.695
0.027	0.039	0.146	0.788
0.622	0.188	0.033	0.157
0.013	0.185	0.245	0.557
0.251	0.011	0.718	0.020
0.227	0.271	0.105	0.397
0.928	0.020	0.027	0.025
0.574	0.186	0.106	0.134
>GCTTTACGGC	21-GCTTTACGGC	8.490089	-40.835092	0	T:133.0(0.63%),B:204.8(0.27%),P:1e-17	Tpos:95.9,Tstd:57.5,Bpos:93.7,Bstd:66.5,StrandBias:0.0,Multiplicity:1.07
0.037	0.225	0.600	0.138
0.280	0.637	0.053	0.030
0.008	0.240	0.079	0.673
0.073	0.008	0.034	0.885
0.008	0.059	0.224	0.709
0.614	0.195	0.089	0.102
0.029	0.939	0.013	0.019
0.189	0.042	0.697	0.072
0.157	0.001	0.827	0.015
0.119	0.647	0.057	0.177
>ACCCGGATGT	22-ACCCGGATGT	11.039021	-35.899947	0	T:22.0(0.10%),B:7.2(0.01%),P:1e-15	Tpos:90.3,Tstd:53.1,Bpos:99.9,Bstd:30.2,StrandBias:-0.3,Multiplicity:1.00
0.997	0.001	0.001	0.001
0.061	0.937	0.001	0.001
0.001	0.997	0.001	0.001
0.001	0.997	0.001	0.001
0.001	0.001	0.997	0.001
0.001	0.001	0.997	0.001
0.997	0.001	0.001	0.001
0.001	0.001	0.001	0.997
0.001	0.001	0.997	0.001
0.001	0.001	0.001	0.997
>TCCSTATWTG	23-TCCSTATWTG	11.448378	-34.522838	0	T:16.0(0.08%),B:4.0(0.01%),P:1e-14	Tpos:118.5,Tstd:51.5,Bpos:80.6,Bstd:36.7,StrandBias:-1.1,Multiplicity:1.00
0.001	0.001	0.001	0.997
0.001	0.997	0.001	0.001
0.001	0.804	0.194	0.001
0.001	0.526	0.472	0.001
0.194	0.001	0.001	0.804
0.997	0.001	0.001	0.001
0.001	0.001	0.001	0.997
0.472	0.194	0.001	0.332
0.001	0.001	0.194	0.804
0.001	0.001	0.997	0.001
>CGAAAGCTAT	24-CGAAAGCTAT	9.686878	-26.534933	0	T:37.0(0.18%),B:33.8(0.04%),P:1e-11	Tpos:84.9,Tstd:55.2,Bpos:84.6,Bstd:69.3,StrandBias:0.3,Multiplicity:1.03
0.001	0.997	0.001	0.001
0.001	0.001	0.997	0.001
0.891	0.001	0.107	0.001
0.944	0.001	0.001	0.054
0.997	0.001	0.001	0.001
0.001	0.001	0.997	0.001
0.001	0.997	0.001	0.001
0.295	0.001	0.001	0.703
0.586	0.001	0.001	0.412
0.001	0.064	0.001	0.934
>TCCTCCGTTA	25-TCCTCCGTTA	10.296193	-20.369775	0	T:11.0(0.05%),B:3.1(0.00%),P:1e-8	Tpos:74.8,Tstd:58.2,Bpos:128.6,Bstd:18.6,StrandBias:3.2,Multiplicity:1.00
0.100	0.100	0.100	0.700
0.100	0.700	0.100	0.100
0.100	0.700	0.100	0.100
0.100	0.100	0.100	0.700
0.100	0.700	0.100	0.100
0.100	0.700	0.100	0.100
0.100	0.100	0.700	0.100
0.100	0.100	0.100	0.700
0.100	0.100	0.100	0.700
0.700	0.100	0.100	0.100
>GCCATCTAGTGG	1-GCCATCTAGTGG	10.102348	-1191.795131	0	T:907.0(4.29%),B:373.2(0.49%),P:1e-517	Tpos:100.5,Tstd:35.2,Bpos:93.4,Bstd:56.7,StrandBias:0.0,Multiplicity:1.01
0.044	0.020	0.906	0.030
0.069	0.909	0.006	0.016
0.009	0.966	0.010	0.015
0.561	0.407	0.008	0.024
0.013	0.362	0.015	0.610
0.006	0.981	0.005	0.008
0.034	0.029	0.003	0.934
0.503	0.049	0.314	0.134
0.018	0.110	0.855	0.017
0.054	0.036	0.021	0.889
0.008	0.006	0.980	0.006
0.033	0.020	0.908	0.039
>YGCCCCCTRSYG	2-YGCCCCCTRSYG	10.059611	-996.253097	0	T:1188.0(5.62%),B:856.1(1.11%),P:1e-432	Tpos:100.1,Tstd:43.2,Bpos:86.5,Bstd:58.6,StrandBias:-0.0,Multiplicity:1.01
0.012	0.483	0.012	0.493
0.012	0.012	0.617	0.359
0.047	0.882	0.039	0.032
0.038	0.906	0.040	0.016
0.340	0.581	0.016	0.063
0.008	0.568	0.010	0.414
0.038	0.913	0.025	0.024
0.052	0.076	0.022	0.850
0.387	0.080	0.353	0.180
0.032	0.440	0.463	0.065
0.053	0.387	0.046	0.514
0.048	0.020	0.893	0.039
>SRRCCAATCRVV	3-SRRCCAATCRVV	7.785421	-937.271142	0	T:2225.0(10.53%),B:2848.9(3.71%),P:1e-407	Tpos:101.0,Tstd:47.2,Bpos:80.0,Bstd:63.8,StrandBias:0.0,Multiplicity:1.27
0.145	0.355	0.297	0.202
0.366	0.216	0.352	0.065
0.381	0.187	0.430	0.001
0.001	0.997	0.001	0.001
0.001	0.997	0.001	0.001
0.997	0.001	0.001	0.001
0.997	0.001	0.001	0.001
0.001	0.069	0.001	0.929
0.205	0.472	0.287	0.036
0.383	0.220	0.396	0.001
0.262	0.302	0.317	0.119
0.314	0.318	0.244	0.124
>GCCCCGCCCCCY	4-GCCCCGCCCCCY	8.337477	-910.969428	0	T:6793.0(32.13%),B:15153.4(19.72%),P:1e-395	Tpos:100.0,Tstd:50.3,Bpos:89.5,Bstd:60.9,StrandBias:-0.0,Multiplicity:1.45
0.213	0.100	0.479	0.209
0.064	0.575	0.176	0.185
0.109	0.596	0.001	0.294
0.111	0.882	0.001	0.006
0.001	0.977	0.021	0.001
0.066	0.013	0.714	0.207
0.001	0.997	0.001	0.001
0.001	0.997	0.001	0.001
0.001	0.719	0.001	0.279
0.181	0.558	0.020	0.241
0.065	0.507	0.092	0.336
0.139	0.290	0.145	0.426
>ACTACAAYTCCC	5-ACTACAAYTCCC	9.971144	-455.622111	0	T:613.0(2.90%),B:494.8(0.64%),P:1e-197	Tpos:103.6,Tstd:49.7,Bpos:81.2,Bstd:66.3,StrandBias:0.1,Multiplicity:1.21
0.947	0.036	0.014	0.003
0.014	0.955	0.025	0.006
0.014	0.070	0.017	0.899
0.821	0.075	0.088	0.016
0.018	0.968	0.006	0.008
0.866	0.064	0.055	0.015
0.565	0.113	0.116	0.206
0.115	0.367	0.168	0.351
0.046	0.067	0.042	0.845
0.019	0.880	0.011	0.090
0.011	0.960	0.008	0.021
0.018	0.946	0.014	0.022
>VNBCACTTCCKG	6-VNBCACTTCCKG	6.553430	-442.448428	0	T:5893.0(27.88%),B:14931.3(19.43%),P:1e-192	Tpos:100.5,Tstd:51.7,Bpos:98.2,Bstd:61.8,StrandBias:0.0,Multiplicity:1.25
0.248	0.352	0.227	0.173
0.179	0.290	0.313	0.218
0.095	0.394	0.248	0.264
0.078	0.515	0.219	0.188
0.467	0.001	0.301	0.231
0.001	0.745	0.028	0.226
0.002	0.001	0.009	0.988
0.001	0.009	0.001	0.989
0.001	0.997	0.001	0.001
0.001	0.997	0.001	0.001
0.003	0.005	0.540	0.452
0.001	0.315	0.555	0.129
>NVTGASTCABNN	7-NVTGASTCABNN	8.305165	-377.254333	0	T:886.0(4.19%),B:1106.3(1.44%),P:1e-163	Tpos:100.4,Tstd:46.1,Bpos:100.0,Bstd:55.4,StrandBias:-0.0,Multiplicity:1.08
0.218	0.205	0.340	0.237
0.326	0.316	0.315	0.042
0.001	0.001	0.001	0.997
0.001	0.001	0.959	0.039
0.997	0.001	0.001	0.001
0.161	0.381	0.271	0.186
0.001	0.001	0.001	0.997
0.104	0.893	0.001	0.002
0.951	0.001	0.047	0.001
0.012	0.320	0.337	0.331
0.247	0.299	0.229	0.225
0.203	0.289	0.321	0.188
>NAAVATGGCGGC	8-NAAVATGGCGGC	9.297938	-335.267252	0	T:747.0(3.53%),B:900.8(1.17%),P:1e-145	Tpos:101.2,Tstd:53.5,Bpos:104.9,Bstd:58.5,StrandBias:0.1,Multiplicity:1.05
0.203	0.304	0.282	0.212
0.997	0.001	0.001	0.001
0.795	0.015	0.001	0.189
0.345	0.271	0.306	0.078
0.880	0.118	0.001	0.001
0.001	0.009	0.033	0.957
0.001	0.001	0.997	0.001
0.001	0.001	0.989	0.009
0.076	0.881	0.010	0.033
0.106	0.210	0.490	0.194
0.146	0.188	0.617	0.049
0.184	0.592	0.001	0.223
>GCGCATGCGCAN	9-GCGCATGCGCAN	9.402906	-251.973572	0	T:1076.0(5.09%),B:1844.5(2.40%),P:1e-109	Tpos:102.1,Tstd:54.1,Bpos:88.2,Bstd:58.2,StrandBias:0.0,Multiplicity:1.15
0.131	0.044	0.815	0.010
0.112	0.808	0.064	0.016
0.078	0.040	0.851	0.031
0.001	0.925	0.043	0.031
0.613	0.249	0.063	0.075
0.069	0.046	0.163	0.722
0.001	0.042	0.951	0.006
0.001	0.933	0.025	0.041
0.013	0.058	0.823	0.106
0.033	0.812	0.013	0.142
0.508	0.138	0.242	0.112
0.213	0.193	0.325	0.269
>NNCAATCGGCNN	10-NNCAATCGGCNN	3.039622	-230.518640	0	T:13563.0(64.16%),B:43773.2(56.97%),P:1e-100	Tpos:99.1,Tstd:56.0,Bpos:99.9,Bstd:64.1,StrandBias:-0.0,Multiplicity:1.47
0.287	0.205	0.281	0.228
0.214	0.290	0.242	0.255
0.167	0.456	0.136	0.241
0.623	0.045	0.129	0.203
0.732	0.028	0.056	0.184
0.150	0.070	0.023	0.757
0.153	0.668	0.060	0.119
0.118	0.161	0.632	0.089
0.176	0.133	0.501	0.190
0.155	0.573	0.103	0.169
0.229	0.247	0.284	0.240
0.233	0.206	0.272	0.289
>ATGGTTCCGCCC	11-ATGGTTCCGCCC	7.541500	-229.873635	0	T:1220.0(5.77%),B:2285.9(2.98%),P:1e-99	Tpos:103.3,Tstd:52.0,Bpos:95.7,Bstd:63.8,StrandBias:0.2,Multiplicity:1.02
0.550	0.175	0.148	0.127
0.131	0.129	0.151	0.589
0.086	0.109	0.714	0.091
0.089	0.129	0.674	0.108
0.099	0.183	0.124	0.594
0.084	0.151	0.135	0.630
0.062	0.739	0.110	0.089
0.103	0.697	0.092	0.108
0.096	0.119	0.673	0.112
0.076	0.713	0.123	0.088
0.074	0.728	0.107	0.091
0.086	0.702	0.107	0.105
>CVGAAGTGACNN	12-CVGAAGTGACNN	3.213288	-227.821768	0	T:12874.0(60.90%),B:41244.6(53.68%),P:1e-98	Tpos:99.5,Tstd:56.5,Bpos:100.4,Bstd:63.5,StrandBias:-0.0,Multiplicity:1.52
0.215	0.393	0.202	0.190
0.206	0.251	0.347	0.196
0.175	0.131	0.456	0.237
0.605	0.054	0.076	0.265
0.661	0.136	0.046	0.157
0.187	0.123	0.466	0.224
0.106	0.160	0.087	0.647
0.243	0.095	0.440	0.222
0.718	0.060	0.070	0.152
0.110	0.642	0.097	0.151
0.224	0.209	0.355	0.213
0.249	0.272	0.235	0.245
>BGVTGACGTCAC	13-BGVTGACGTCAC	7.029161	-164.497729	0	T:1041.0(4.92%),B:2074.8(2.70%),P:1e-71	Tpos:99.5,Tstd:49.1,Bpos:92.0,Bstd:56.8,StrandBias:0.0,Multiplicity:1.05
0.164	0.317	0.291	0.228
0.195	0.220	0.411	0.174
0.265	0.263	0.407	0.065
0.040	0.050	0.067	0.843
0.001	0.001	0.942	0.056
0.907	0.001	0.060	0.032
0.062	0.766	0.075	0.097
0.128	0.093	0.719	0.060
0.018	0.076	0.029	0.877
0.036	0.960	0.001	0.003
0.805	0.095	0.056	0.044
0.049	0.441	0.280	0.230
>SNGTCACGTGAC	14-SNGTCACGTGAC	8.261033	-163.017373	0	T:403.0(1.91%),B:519.7(0.68%),P:1e-70	Tpos:102.1,Tstd:49.2,Bpos:83.9,Bstd:57.6,StrandBias:-0.0,Multiplicity:1.07
0.117	0.321	0.436	0.125
0.257	0.197	0.339	0.207
0.070	0.074	0.811	0.045
0.058	0.103	0.079	0.760
0.026	0.804	0.115	0.055
0.817	0.073	0.061	0.049
0.041	0.830	0.057	0.072
0.075	0.052	0.823	0.050
0.055	0.059	0.060	0.826
0.044	0.111	0.822	0.023
0.766	0.071	0.110	0.053
0.054	0.773	0.094	0.079
>TTAAAGGGGCMG	15-TTAAAGGGGCMG	10.793108	-118.176590	0	T:201.0(0.95%),B:200.4(0.26%),P:1e-51	Tpos:96.3,Tstd:53.4,Bpos:80.8,Bstd:55.9,StrandBias:-0.3,Multiplicity:1.07
0.001	0.029	0.001	0.969
0.074	0.001	0.001	0.924
0.980	0.001	0.012	0.007
0.925	0.073	0.001	0.001
0.958	0.001	0.029	0.012
0.001	0.011	0.987	0.001
0.116	0.092	0.780	0.012
0.163	0.059	0.777	0.001
0.241	0.099	0.659	0.001
0.182	0.792	0.001	0.025
0.455	0.414	0.130	0.001
0.073	0.001	0.897	0.029
>TCTCGCGAGAWC	16-TCTCGCGAGAWC	10.071411	-104.883683	0	T:163.0(0.77%),B:151.5(0.20%),P:1e-45	Tpos:104.2,Tstd:47.4,Bpos:82.9,Bstd:75.8,StrandBias:0.0,Multiplicity:1.08
0.001	0.063	0.023	0.913
0.091	0.886	0.001	0.022
0.001	0.115	0.045	0.839
0.001	0.997	0.001	0.001
0.076	0.001	0.922	0.001
0.001	0.997	0.001	0.001
0.001	0.001	0.997	0.001
0.840	0.067	0.092	0.001
0.001	0.054	0.737	0.208
0.898	0.001	0.100	0.001
0.338	0.118	0.077	0.467
0.068	0.477	0.194	0.262
>CGCGCTAATTGG	17-CGCGCTAATTGG	9.348425	-87.241755	0	T:250.0(1.18%),B:353.5(0.46%),P:1e-37	Tpos:99.3,Tstd:50.8,Bpos:93.5,Bstd:67.6,StrandBias:0.2,Multiplicity:1.01
0.071	0.845	0.060	0.024
0.089	0.071	0.769	0.071
0.083	0.881	0.035	0.001
0.001	0.001	0.905	0.093
0.001	0.940	0.047	0.012
0.036	0.061	0.101	0.802
0.773	0.064	0.103	0.060
0.759	0.060	0.108	0.073
0.071	0.085	0.060	0.784
0.036	0.036	0.112	0.816
0.108	0.036	0.844	0.012
0.001	0.083	0.881	0.035
>SGTTGCTAGGVA	18-SGTTGCTAGGVA	10.462313	-72.359291	0	T:162.0(0.77%),B:198.5(0.26%),P:1e-31	Tpos:95.2,Tstd:55.0,Bpos:95.0,Bstd:55.0,StrandBias:-0.1,Multiplicity:1.02
0.096	0.314	0.397	0.193
0.017	0.017	0.949	0.017
0.001	0.112	0.001	0.886
0.017	0.001	0.114	0.868
0.070	0.001	0.912	0.017
0.016	0.982	0.001	0.001
0.001	0.107	0.001	0.891
0.681	0.070	0.248	0.001
0.017	0.034	0.948	0.001
0.001	0.001	0.982	0.016
0.280	0.406	0.312	0.001
0.577	0.118	0.288	0.017
>GTTKCCATGGCA	19-GTTKCCATGGCA	10.976357	-66.820000	0	T:120.0(0.57%),B:127.0(0.17%),P:1e-29	Tpos:107.1,Tstd:52.2,Bpos:90.6,Bstd:63.7,StrandBias:-0.2,Multiplicity:1.00
0.215	0.001	0.783	0.001
0.026	0.373	0.001	0.600
0.001	0.278	0.026	0.695
0.191	0.106	0.403	0.300
0.026	0.947	0.026	0.001
0.001	0.997	0.001	0.001
0.983	0.015	0.001	0.001
0.022	0.001	0.016	0.961
0.298	0.001	0.700	0.001
0.001	0.026	0.838	0.135
0.270	0.429	0.110	0.191
0.699	0.026	0.249	0.026
>CCTTATATGGCG	20-CCTTATATGGCG	9.881886	-56.310207	0	T:72.0(0.34%),B:57.5(0.07%),P:1e-24	Tpos:101.9,Tstd:53.7,Bpos:101.3,Bstd:54.3,StrandBias:-0.2,Multiplicity:1.03
0.010	0.950	0.020	0.020
0.001	0.908	0.030	0.061
0.011	0.031	0.031	0.927
0.041	0.051	0.086	0.822
0.729	0.092	0.076	0.103
0.061	0.031	0.082	0.826
0.765	0.092	0.031	0.112
0.112	0.041	0.061	0.786
0.041	0.010	0.929	0.020
0.020	0.051	0.898	0.031
0.107	0.739	0.092	0.062
0.096	0.103	0.729	0.072
>CCCGCCCTGTTT	21-CCCGCCCTGTTT	11.648255	-39.701281	0	T:60.0(0.28%),B:56.1(0.07%),P:1e-17	Tpos:93.0,Tstd:52.4,Bpos:107.6,Bstd:48.2,StrandBias:-0.1,Multiplicity:1.00
0.001	0.766	0.232	0.001
0.053	0.812	0.001	0.134
0.054	0.723	0.160	0.063
0.066	0.001	0.907	0.026
0.053	0.856	0.064	0.027
0.001	0.795	0.090	0.114
0.025	0.921	0.053	0.001
0.001	0.001	0.001	0.997
0.001	0.128	0.870	0.001
0.001	0.088	0.204	0.707
0.001	0.174	0.001	0.824
0.001	0.172	0.001	0.826
>CASGGGSGVGGC	22-CASGGGSGVGGC	9.640271	-37.526689	0	T:117.0(0.55%),B:176.4(0.23%),P:1e-16	Tpos:112.0,Tstd:58.6,Bpos:105.9,Bstd:52.2,StrandBias:0.0,Multiplicity:1.00
0.142	0.630	0.036	0.192
0.590	0.215	0.024	0.171
0.184	0.345	0.449	0.022
0.128	0.249	0.548	0.075
0.063	0.182	0.634	0.121
0.311	0.017	0.655	0.017
0.033	0.429	0.511	0.027
0.034	0.035	0.907	0.024
0.343	0.268	0.367	0.023
0.199	0.220	0.493	0.088
0.152	0.018	0.629	0.201
0.028	0.709	0.025	0.238
>GAGCTGTAGTTC	23-GAGCTGTAGTTC	12.332493	-33.224119	0	T:22.0(0.10%),B:8.7(0.01%),P:1e-14	Tpos:82.3,Tstd:45.7,Bpos:87.7,Bstd:24.0,StrandBias:-0.4,Multiplicity:1.00
0.149	0.149	0.701	0.001
0.997	0.001	0.001	0.001
0.001	0.001	0.997	0.001
0.001	0.997	0.001	0.001
0.148	0.001	0.001	0.850
0.001	0.001	0.997	0.001
0.001	0.001	0.001	0.997
0.816	0.001	0.034	0.149
0.001	0.001	0.941	0.057
0.001	0.001	0.001	0.997
0.001	0.001	0.148	0.850
0.001	0.850	0.148	0.001
>CTCGCTAGGATT	24-CTCGCTAGGATT	9.391168	-26.865201	0	T:16.0(0.08%),B:5.0(0.01%),P:1e-11	Tpos:95.8,Tstd:58.9,Bpos:73.3,Bstd:36.0,StrandBias:0.8,Multiplicity:1.00
0.004	0.724	0.143	0.129
0.087	0.009	0.290	0.614
0.068	0.586	0.216	0.130
0.094	0.149	0.597	0.160
0.045	0.946	0.006	0.003
0.094	0.228	0.088	0.590
0.530	0.098	0.106	0.266
0.117	0.062	0.746	0.075
0.003	0.248	0.746	0.003
0.489	0.205	0.131	0.174
0.161	0.220	0.192	0.427
0.090	0.105	0.213	0.592
>ACGTCAAACCCG	25-ACGTCAAACCCG	10.409522	-24.278746	0	T:18.0(0.09%),B:8.8(0.01%),P:1e-10	Tpos:86.2,Tstd:46.6,Bpos:96.8,Bstd:14.1,StrandBias:0.7,Multiplicity:1.00
0.700	0.100	0.100	0.100
0.100	0.700	0.100	0.100
0.100	0.100	0.700	0.100
0.100	0.100	0.100	0.700
0.100	0.700	0.100	0.100
0.700	0.100	0.100	0.100
0.700	0.100	0.100	0.100
0.700	0.100	0.100	0.100
0.100	0.700	0.100	0.100
0.100	0.700	0.100	0.100
0.100	0.700	0.100	0.100
0.100	0.100	0.700	0.100
>GCCAATCR	1-GCCAATCR	6.547951	-798.157074	0	T:2540.0(12.02%),B:3857.3(5.02%),P:1e-346	Tpos:100.5,Tstd:49.0,Bpos:83.6,Bstd:64.9,StrandBias:0.0,Multiplicity:1.31
0.325	0.094	0.528	0.053
0.016	0.894	0.036	0.054
0.025	0.957	0.006	0.012
0.872	0.021	0.031	0.076
0.877	0.055	0.029	0.039
0.020	0.021	0.007	0.952
0.143	0.456	0.287	0.113
0.450	0.071	0.466	0.012
>RSCGGAWA	2-RSCGGAWA	5.059752	-539.444942	0	T:8148.0(38.54%),B:21595.0(28.11%),P:1e-234	Tpos:99.5,Tstd:55.4,Bpos:100.0,Bstd:64.8,StrandBias:-0.0,Multiplicity:1.19
0.466	0.067	0.396	0.071
0.151	0.462	0.354	0.033
0.169	0.662	0.101	0.068
0.001	0.038	0.960	0.001
0.055	0.045	0.803	0.097
0.821	0.016	0.030	0.133
0.531	0.037	0.035	0.397
0.504	0.079	0.274	0.143
>CACTTCCG	3-CACTTCCG	5.808395	-512.166457	0	T:5655.0(26.75%),B:13739.6(17.88%),P:1e-222	Tpos:100.4,Tstd:52.9,Bpos:98.0,Bstd:63.5,StrandBias:0.0,Multiplicity:1.23
0.087	0.631	0.095	0.187
0.641	0.089	0.165	0.105
0.106	0.542	0.123	0.229
0.085	0.001	0.014	0.900
0.075	0.032	0.015	0.878
0.038	0.810	0.101	0.051
0.005	0.947	0.037	0.011
0.006	0.086	0.652	0.256
>GGGCGGGG	4-GGGCGGGG	5.313778	-481.706438	0	T:8482.0(40.12%),B:23137.6(30.11%),P:1e-209	Tpos:100.5,Tstd:52.0,Bpos:93.6,Bstd:64.6,StrandBias:0.0,Multiplicity:1.61
0.041	0.001	0.957	0.001
0.001	0.001	0.997	0.001
0.001	0.001	0.997	0.001
0.001	0.997	0.001	0.001
0.001	0.001	0.997	0.001
0.001	0.001	0.993	0.005
0.303	0.001	0.685	0.011
0.019	0.001	0.957	0.023
>AGGGGGAG	5-AGGGGGAG	5.432462	-469.228587	0	T:6366.0(30.11%),B:16260.3(21.16%),P:1e-203	Tpos:99.5,Tstd:54.5,Bpos:97.9,Bstd:60.6,StrandBias:-0.0,Multiplicity:1.16
0.997	0.001	0.001	0.001
0.065	0.001	0.933	0.001
0.180	0.001	0.818	0.001
0.001	0.001	0.997	0.001
0.001	0.001	0.997	0.001
0.001	0.001	0.997	0.001
0.662	0.285	0.052	0.001
0.089	0.001	0.909	0.001
>SCGSTATT	6-SCGSTATT	3.841509	-399.945935	0	T:12050.0(57.00%),B:36370.1(47.33%),P:1e-173	Tpos:100.1,Tstd:56.9,Bpos:100.6,Bstd:67.5,StrandBias:-0.0,Multiplicity:1.38
0.108	0.414	0.282	0.197
0.001	0.851	0.147	0.001
0.001	0.001	0.997	0.001
0.122	0.431	0.404	0.044
0.349	0.092	0.025	0.534
0.601	0.001	0.095	0.303
0.205	0.071	0.266	0.459
0.253	0.084	0.252	0.410
>CGATTGGN	7-CGATTGGN	4.170273	-387.684033	0	T:7849.0(37.13%),B:21754.6(28.31%),P:1e-168	Tpos:98.4,Tstd:56.2,Bpos:99.8,Bstd:63.6,StrandBias:0.0,Multiplicity:1.18
0.008	0.658	0.100	0.234
0.095	0.113	0.791	0.001
0.744	0.034	0.011	0.211
0.217	0.141	0.015	0.627
0.285	0.093	0.036	0.586
0.075	0.025	0.827	0.073
0.200	0.121	0.519	0.160
0.329	0.282	0.203	0.185
>ATGAGTCA	8-ATGAGTCA	7.292086	-373.874153	0	T:1075.0(5.09%),B:1517.7(1.98%),P:1e-162	Tpos:100.8,Tstd:47.9,Bpos:99.6,Bstd:58.1,StrandBias:-0.0,Multiplicity:1.09
0.666	0.157	0.159	0.018
0.001	0.005	0.001	0.993
0.001	0.001	0.946	0.052
0.984	0.014	0.001	0.001
0.055	0.228	0.675	0.042
0.001	0.001	0.001	0.997
0.011	0.987	0.001	0.001
0.997	0.001	0.001	0.001
>CGCCATCT	9-CGCCATCT	7.594922	-359.937841	0	T:1712.0(8.10%),B:3087.3(4.02%),P:1e-156	Tpos:103.0,Tstd:52.4,Bpos:99.2,Bstd:62.6,StrandBias:-0.0,Multiplicity:1.03
0.001	0.922	0.001	0.076
0.001	0.001	0.997	0.001
0.001	0.997	0.001	0.001
0.001	0.997	0.001	0.001
0.835	0.163	0.001	0.001
0.001	0.001	0.001	0.997
0.040	0.741	0.067	0.152
0.001	0.001	0.001	0.997
>GACGTCAC	10-GACGTCAC	3.544936	-326.644875	0	T:1510.0(7.14%),B:2686.6(3.50%),P:1e-141	Tpos:100.0,Tstd:50.5,Bpos:86.9,Bstd:62.0,StrandBias:0.0,Multiplicity:1.10
0.001	0.108	0.727	0.164
0.997	0.001	0.001	0.001
0.001	0.997	0.001	0.001
0.001	0.001	0.997	0.001
0.001	0.001	0.001	0.997
0.001	0.948	0.050	0.001
0.997	0.001	0.001	0.001
0.001	0.738	0.001	0.260
>TGACGCAA	11-TGACGCAA	4.632500	-304.931294	0	T:4879.0(23.08%),B:12691.2(16.52%),P:1e-132	Tpos:99.5,Tstd:54.8,Bpos:99.3,Bstd:66.2,StrandBias:0.0,Multiplicity:1.14
0.077	0.107	0.065	0.751
0.092	0.079	0.690	0.139
0.699	0.100	0.118	0.083
0.011	0.856	0.055	0.078
0.058	0.024	0.890	0.028
0.086	0.559	0.182	0.173
0.720	0.085	0.128	0.067
0.836	0.072	0.015	0.077
>ATGTAGTT	12-ATGTAGTT	4.920694	-186.463237	0	T:526.0(2.49%),B:732.4(0.95%),P:1e-80	Tpos:104.8,Tstd:51.1,Bpos:86.5,Bstd:66.8,StrandBias:0.1,Multiplicity:1.11
0.927	0.001	0.001	0.071
0.001	0.001	0.001	0.997
0.001	0.001	0.997	0.001
0.001	0.001	0.001	0.997
0.997	0.001	0.001	0.001
0.001	0.001	0.997	0.001
0.001	0.001	0.001	0.997
0.001	0.030	0.006	0.963
>GGGTGGGG	13-GGGTGGGG	8.330229	-142.597072	0	T:5535.0(26.18%),B:16415.8(21.36%),P:1e-61	Tpos:101.1,Tstd:54.7,Bpos:97.1,Bstd:58.2,StrandBias:0.1,Multiplicity:1.20
0.001	0.001	0.997	0.001
0.001	0.001	0.997	0.001
0.001	0.001	0.997	0.001
0.245	0.001	0.001	0.753
0.001	0.001	0.997	0.001
0.001	0.001	0.997	0.001
0.263	0.001	0.735	0.001
0.001	0.001	0.997	0.001
>TCTAGTGG	14-TCTAGTGG	10.165454	-137.870779	0	T:354.0(1.67%),B:467.6(0.61%),P:1e-59	Tpos:100.0,Tstd:44.6,Bpos:104.4,Bstd:59.8,StrandBias:-0.2,Multiplicity:1.01
0.001	0.405	0.001	0.593
0.001	0.997	0.001	0.001
0.001	0.001	0.001	0.997
0.997	0.001	0.001	0.001
0.001	0.001	0.997	0.001
0.001	0.001	0.001	0.997
0.001	0.001	0.997	0.001
0.001	0.001	0.997	0.001
>GCATGCGC	15-GCATGCGC	7.609732	-123.379435	0	T:849.0(4.02%),B:1738.4(2.26%),P:1e-53	Tpos:100.4,Tstd:54.9,Bpos:95.2,Bstd:60.6,StrandBias:0.0,Multiplicity:1.06
0.049	0.001	0.949	0.001
0.001	0.977	0.001	0.021
0.903	0.001	0.001	0.095
0.001	0.001	0.001	0.997
0.001	0.001	0.997	0.001
0.001	0.997	0.001	0.001
0.001	0.001	0.912	0.086
0.001	0.788	0.001	0.210
>GTTGCTAT	16-GTTGCTAT	6.075957	-121.698568	0	T:1158.0(5.48%),B:2610.7(3.40%),P:1e-52	Tpos:101.0,Tstd:55.4,Bpos:101.4,Bstd:63.9,StrandBias:0.0,Multiplicity:1.05
0.001	0.001	0.978	0.020
0.001	0.001	0.001	0.997
0.011	0.045	0.049	0.895
0.019	0.015	0.951	0.015
0.001	0.978	0.001	0.020
0.010	0.214	0.126	0.650
0.997	0.001	0.001	0.001
0.074	0.017	0.277	0.632
>GGCKTGCC	17-GGCKTGCC	5.686328	-91.822627	0	T:3314.0(15.68%),B:9640.9(12.55%),P:1e-39	Tpos:101.9,Tstd:54.3,Bpos:99.5,Bstd:63.6,StrandBias:0.0,Multiplicity:1.08
0.001	0.001	0.997	0.001
0.001	0.001	0.997	0.001
0.247	0.751	0.001	0.001
0.001	0.001	0.554	0.444
0.001	0.001	0.035	0.963
0.001	0.001	0.997	0.001
0.186	0.812	0.001	0.001
0.001	0.922	0.001	0.076
>TATCGCGA	18-TATCGCGA	8.344003	-85.507865	0	T:289.0(1.37%),B:445.2(0.58%),P:1e-37	Tpos:102.8,Tstd:49.3,Bpos:82.4,Bstd:70.6,StrandBias:0.1,Multiplicity:1.11
0.261	0.001	0.001	0.737
0.758	0.240	0.001	0.001
0.001	0.001	0.001	0.997
0.205	0.793	0.001	0.001
0.001	0.001	0.783	0.215
0.001	0.997	0.001	0.001
0.001	0.001	0.997	0.001
0.722	0.276	0.001	0.001
>TAGTTCGC	19-TAGTTCGC	7.296465	-74.816152	0	T:558.0(2.64%),B:1173.9(1.53%),P:1e-32	Tpos:105.3,Tstd:52.4,Bpos:99.4,Bstd:64.7,StrandBias:0.2,Multiplicity:1.01
0.001	0.073	0.001	0.925
0.882	0.001	0.093	0.024
0.001	0.001	0.997	0.001
0.001	0.086	0.022	0.891
0.114	0.022	0.177	0.687
0.023	0.975	0.001	0.001
0.001	0.085	0.843	0.071
0.055	0.835	0.017	0.093
>TTAAAGGG	20-TTAAAGGG	8.155036	-68.565073	0	T:380.0(1.80%),B:724.7(0.94%),P:1e-29	Tpos:96.5,Tstd:57.2,Bpos:94.3,Bstd:63.7,StrandBias:-0.2,Multiplicity:1.05
0.001	0.001	0.001	0.997
0.001	0.001	0.001	0.997
0.997	0.001	0.001	0.001
0.997	0.001	0.001	0.001
0.934	0.064	0.001	0.001
0.001	0.001	0.997	0.001
0.153	0.001	0.845	0.001
0.001	0.001	0.997	0.001
>TSACATSA	21-TSACATSA	8.325122	-61.194297	0	T:338.0(1.60%),B:644.4(0.84%),P:1e-26	Tpos:97.6,Tstd:52.7,Bpos:99.6,Bstd:55.3,StrandBias:-0.1,Multiplicity:1.02
0.047	0.053	0.019	0.881
0.001	0.396	0.401	0.202
0.815	0.043	0.001	0.141
0.072	0.779	0.107	0.042
0.891	0.001	0.066	0.042
0.042	0.001	0.001	0.956
0.191	0.344	0.396	0.069
0.958	0.040	0.001	0.001
>TGCCACCT	22-TGCCACCT	9.550639	-57.718977	0	T:715.0(3.38%),B:1721.7(2.24%),P:1e-25	Tpos:101.4,Tstd:49.2,Bpos:103.8,Bstd:61.8,StrandBias:0.2,Multiplicity:1.02
0.001	0.219	0.001	0.779
0.001	0.001	0.997	0.001
0.001	0.997	0.001	0.001
0.001	0.997	0.001	0.001
0.997	0.001	0.001	0.001
0.001	0.997	0.001	0.001
0.001	0.997	0.001	0.001
0.001	0.001	0.001	0.997
>CTGACAGT	23-CTGACAGT	7.733568	-44.744314	0	T:704.0(3.33%),B:1785.1(2.32%),P:1e-19	Tpos:98.6,Tstd:55.2,Bpos:98.1,Bstd:58.0,StrandBias:0.1,Multiplicity:1.02
0.001	0.780	0.001	0.218
0.001	0.050	0.001	0.948
0.202	0.001	0.740	0.057
0.611	0.001	0.001	0.387
0.001	0.997	0.001	0.001
0.896	0.001	0.102	0.001
0.232	0.001	0.766	0.001
0.217	0.237	0.001	0.545
>CTGCGCAG	24-CTGCGCAG	8.294525	-39.249314	0	T:519.0(2.46%),B:1271.1(1.65%),P:1e-17	Tpos:104.6,Tstd:54.4,Bpos:95.9,Bstd:64.8,StrandBias:0.0,Multiplicity:1.02
0.001	0.997	0.001	0.001
0.001	0.001	0.001	0.997
0.075	0.001	0.923	0.001
0.001	0.997	0.001	0.001
0.001	0.001	0.997	0.001
0.169	0.829	0.001	0.001
0.997	0.001	0.001	0.001
0.001	0.001	0.997	0.001
>TTGTAGTG	25-TTGTAGTG	9.527543	-26.054923	0	T:119.0(0.56%),B:215.3(0.28%),P:1e-11	Tpos:101.3,Tstd:58.9,Bpos:105.6,Bstd:60.5,StrandBias:-0.1,Multiplicity:1.00
0.001	0.001	0.214	0.784
0.001	0.001	0.001	0.997
0.001	0.001	0.997	0.001
0.001	0.001	0.001	0.997
0.997	0.001	0.001	0.001
0.001	0.001	0.997	0.001
0.001	0.001	0.001	0.997
0.001	0.001	0.997	0.001
