>GCCAATCR	1-GCCAATCR	6.547951	-798.157074	0	T:2540.0(12.02%),B:3857.3(5.02%),P:1e-346	Tpos:100.5,Tstd:49.0,Bpos:83.6,Bstd:64.9,StrandBias:0.0,Multiplicity:1.31
0.325	0.094	0.528	0.053
0.016	0.894	0.036	0.054
0.025	0.957	0.006	0.012
0.872	0.021	0.031	0.076
0.877	0.055	0.029	0.039
0.020	0.021	0.007	0.952
0.143	0.456	0.287	0.113
0.450	0.071	0.466	0.012
>RSCGGAWA	2-RSCGGAWA	5.059752	-539.444942	0	T:8148.0(38.54%),B:21595.0(28.11%),P:1e-234	Tpos:99.5,Tstd:55.4,Bpos:100.0,Bstd:64.8,StrandBias:-0.0,Multiplicity:1.19
0.466	0.067	0.396	0.071
0.151	0.462	0.354	0.033
0.169	0.662	0.101	0.068
0.001	0.038	0.960	0.001
0.055	0.045	0.803	0.097
0.821	0.016	0.030	0.133
0.531	0.037	0.035	0.397
0.504	0.079	0.274	0.143
>CACTTCCG	3-CACTTCCG	5.808395	-512.166457	0	T:5655.0(26.75%),B:13739.6(17.88%),P:1e-222	Tpos:100.4,Tstd:52.9,Bpos:98.0,Bstd:63.5,StrandBias:0.0,Multiplicity:1.23
0.087	0.631	0.095	0.187
0.641	0.089	0.165	0.105
0.106	0.542	0.123	0.229
0.085	0.001	0.014	0.900
0.075	0.032	0.015	0.878
0.038	0.810	0.101	0.051
0.005	0.947	0.037	0.011
0.006	0.086	0.652	0.256
>GGGCGGGG	4-GGGCGGGG	5.313778	-481.706438	0	T:8482.0(40.12%),B:23137.6(30.11%),P:1e-209	Tpos:100.5,Tstd:52.0,Bpos:93.6,Bstd:64.6,StrandBias:0.0,Multiplicity:1.61
0.041	0.001	0.957	0.001
0.001	0.001	0.997	0.001
0.001	0.001	0.997	0.001
0.001	0.997	0.001	0.001
0.001	0.001	0.997	0.001
0.001	0.001	0.993	0.005
0.303	0.001	0.685	0.011
0.019	0.001	0.957	0.023
>AGGGGGAG	5-AGGGGGAG	5.432462	-469.228587	0	T:6366.0(30.11%),B:16260.3(21.16%),P:1e-203	Tpos:99.5,Tstd:54.5,Bpos:97.9,Bstd:60.6,StrandBias:-0.0,Multiplicity:1.16
0.997	0.001	0.001	0.001
0.065	0.001	0.933	0.001
0.180	0.001	0.818	0.001
0.001	0.001	0.997	0.001
0.001	0.001	0.997	0.001
0.001	0.001	0.997	0.001
0.662	0.285	0.052	0.001
0.089	0.001	0.909	0.001
>SCGSTATT	6-SCGSTATT	3.841509	-399.945935	0	T:12050.0(57.00%),B:36370.1(47.33%),P:1e-173	Tpos:100.1,Tstd:56.9,Bpos:100.6,Bstd:67.5,StrandBias:-0.0,Multiplicity:1.38
0.108	0.414	0.282	0.197
0.001	0.851	0.147	0.001
0.001	0.001	0.997	0.001
0.122	0.431	0.404	0.044
0.349	0.092	0.025	0.534
0.601	0.001	0.095	0.303
0.205	0.071	0.266	0.459
0.253	0.084	0.252	0.410
>CGATTGGN	7-CGATTGGN	4.170273	-387.684033	0	T:7849.0(37.13%),B:21754.6(28.31%),P:1e-168	Tpos:98.4,Tstd:56.2,Bpos:99.8,Bstd:63.6,StrandBias:0.0,Multiplicity:1.18
0.008	0.658	0.100	0.234
0.095	0.113	0.791	0.001
0.744	0.034	0.011	0.211
0.217	0.141	0.015	0.627
0.285	0.093	0.036	0.586
0.075	0.025	0.827	0.073
0.200	0.121	0.519	0.160
0.329	0.282	0.203	0.185
>ATGAGTCA	8-ATGAGTCA	7.292086	-373.874153	0	T:1075.0(5.09%),B:1517.7(1.98%),P:1e-162	Tpos:100.8,Tstd:47.9,Bpos:99.6,Bstd:58.1,StrandBias:-0.0,Multiplicity:1.09
0.666	0.157	0.159	0.018
0.001	0.005	0.001	0.993
0.001	0.001	0.946	0.052
0.984	0.014	0.001	0.001
0.055	0.228	0.675	0.042
0.001	0.001	0.001	0.997
0.011	0.987	0.001	0.001
0.997	0.001	0.001	0.001
>CGCCATCT	9-CGCCATCT	7.594922	-359.937841	0	T:1712.0(8.10%),B:3087.3(4.02%),P:1e-156	Tpos:103.0,Tstd:52.4,Bpos:99.2,Bstd:62.6,StrandBias:-0.0,Multiplicity:1.03
0.001	0.922	0.001	0.076
0.001	0.001	0.997	0.001
0.001	0.997	0.001	0.001
0.001	0.997	0.001	0.001
0.835	0.163	0.001	0.001
0.001	0.001	0.001	0.997
0.040	0.741	0.067	0.152
0.001	0.001	0.001	0.997
>GACGTCAC	10-GACGTCAC	3.544936	-326.644875	0	T:1510.0(7.14%),B:2686.6(3.50%),P:1e-141	Tpos:100.0,Tstd:50.5,Bpos:86.9,Bstd:62.0,StrandBias:0.0,Multiplicity:1.10
0.001	0.108	0.727	0.164
0.997	0.001	0.001	0.001
0.001	0.997	0.001	0.001
0.001	0.001	0.997	0.001
0.001	0.001	0.001	0.997
0.001	0.948	0.050	0.001
0.997	0.001	0.001	0.001
0.001	0.738	0.001	0.260
>TGACGCAA	11-TGACGCAA	4.632500	-304.931294	0	T:4879.0(23.08%),B:12691.2(16.52%),P:1e-132	Tpos:99.5,Tstd:54.8,Bpos:99.3,Bstd:66.2,StrandBias:0.0,Multiplicity:1.14
0.077	0.107	0.065	0.751
0.092	0.079	0.690	0.139
0.699	0.100	0.118	0.083
0.011	0.856	0.055	0.078
0.058	0.024	0.890	0.028
0.086	0.559	0.182	0.173
0.720	0.085	0.128	0.067
0.836	0.072	0.015	0.077
>ATGTAGTT	12-ATGTAGTT	4.920694	-186.463237	0	T:526.0(2.49%),B:732.4(0.95%),P:1e-80	Tpos:104.8,Tstd:51.1,Bpos:86.5,Bstd:66.8,StrandBias:0.1,Multiplicity:1.11
0.927	0.001	0.001	0.071
0.001	0.001	0.001	0.997
0.001	0.001	0.997	0.001
0.001	0.001	0.001	0.997
0.997	0.001	0.001	0.001
0.001	0.001	0.997	0.001
0.001	0.001	0.001	0.997
0.001	0.030	0.006	0.963
>GGGTGGGG	13-GGGTGGGG	8.330229	-142.597072	0	T:5535.0(26.18%),B:16415.8(21.36%),P:1e-61	Tpos:101.1,Tstd:54.7,Bpos:97.1,Bstd:58.2,StrandBias:0.1,Multiplicity:1.20
0.001	0.001	0.997	0.001
0.001	0.001	0.997	0.001
0.001	0.001	0.997	0.001
0.245	0.001	0.001	0.753
0.001	0.001	0.997	0.001
0.001	0.001	0.997	0.001
0.263	0.001	0.735	0.001
0.001	0.001	0.997	0.001
>TCTAGTGG	14-TCTAGTGG	10.165454	-137.870779	0	T:354.0(1.67%),B:467.6(0.61%),P:1e-59	Tpos:100.0,Tstd:44.6,Bpos:104.4,Bstd:59.8,StrandBias:-0.2,Multiplicity:1.01
0.001	0.405	0.001	0.593
0.001	0.997	0.001	0.001
0.001	0.001	0.001	0.997
0.997	0.001	0.001	0.001
0.001	0.001	0.997	0.001
0.001	0.001	0.001	0.997
0.001	0.001	0.997	0.001
0.001	0.001	0.997	0.001
>GCATGCGC	15-GCATGCGC	7.609732	-123.379435	0	T:849.0(4.02%),B:1738.4(2.26%),P:1e-53	Tpos:100.4,Tstd:54.9,Bpos:95.2,Bstd:60.6,StrandBias:0.0,Multiplicity:1.06
0.049	0.001	0.949	0.001
0.001	0.977	0.001	0.021
0.903	0.001	0.001	0.095
0.001	0.001	0.001	0.997
0.001	0.001	0.997	0.001
0.001	0.997	0.001	0.001
0.001	0.001	0.912	0.086
0.001	0.788	0.001	0.210
>GTTGCTAT	16-GTTGCTAT	6.075957	-121.698568	0	T:1158.0(5.48%),B:2610.7(3.40%),P:1e-52	Tpos:101.0,Tstd:55.4,Bpos:101.4,Bstd:63.9,StrandBias:0.0,Multiplicity:1.05
0.001	0.001	0.978	0.020
0.001	0.001	0.001	0.997
0.011	0.045	0.049	0.895
0.019	0.015	0.951	0.015
0.001	0.978	0.001	0.020
0.010	0.214	0.126	0.650
0.997	0.001	0.001	0.001
0.074	0.017	0.277	0.632
>GGCKTGCC	17-GGCKTGCC	5.686328	-91.822627	0	T:3314.0(15.68%),B:9640.9(12.55%),P:1e-39	Tpos:101.9,Tstd:54.3,Bpos:99.5,Bstd:63.6,StrandBias:0.0,Multiplicity:1.08
0.001	0.001	0.997	0.001
0.001	0.001	0.997	0.001
0.247	0.751	0.001	0.001
0.001	0.001	0.554	0.444
0.001	0.001	0.035	0.963
0.001	0.001	0.997	0.001
0.186	0.812	0.001	0.001
0.001	0.922	0.001	0.076
>TATCGCGA	18-TATCGCGA	8.344003	-85.507865	0	T:289.0(1.37%),B:445.2(0.58%),P:1e-37	Tpos:102.8,Tstd:49.3,Bpos:82.4,Bstd:70.6,StrandBias:0.1,Multiplicity:1.11
0.261	0.001	0.001	0.737
0.758	0.240	0.001	0.001
0.001	0.001	0.001	0.997
0.205	0.793	0.001	0.001
0.001	0.001	0.783	0.215
0.001	0.997	0.001	0.001
0.001	0.001	0.997	0.001
0.722	0.276	0.001	0.001
>TAGTTCGC	19-TAGTTCGC	7.296465	-74.816152	0	T:558.0(2.64%),B:1173.9(1.53%),P:1e-32	Tpos:105.3,Tstd:52.4,Bpos:99.4,Bstd:64.7,StrandBias:0.2,Multiplicity:1.01
0.001	0.073	0.001	0.925
0.882	0.001	0.093	0.024
0.001	0.001	0.997	0.001
0.001	0.086	0.022	0.891
0.114	0.022	0.177	0.687
0.023	0.975	0.001	0.001
0.001	0.085	0.843	0.071
0.055	0.835	0.017	0.093
>TTAAAGGG	20-TTAAAGGG	8.155036	-68.565073	0	T:380.0(1.80%),B:724.7(0.94%),P:1e-29	Tpos:96.5,Tstd:57.2,Bpos:94.3,Bstd:63.7,StrandBias:-0.2,Multiplicity:1.05
0.001	0.001	0.001	0.997
0.001	0.001	0.001	0.997
0.997	0.001	0.001	0.001
0.997	0.001	0.001	0.001
0.934	0.064	0.001	0.001
0.001	0.001	0.997	0.001
0.153	0.001	0.845	0.001
0.001	0.001	0.997	0.001
>TSACATSA	21-TSACATSA	8.325122	-61.194297	0	T:338.0(1.60%),B:644.4(0.84%),P:1e-26	Tpos:97.6,Tstd:52.7,Bpos:99.6,Bstd:55.3,StrandBias:-0.1,Multiplicity:1.02
0.047	0.053	0.019	0.881
0.001	0.396	0.401	0.202
0.815	0.043	0.001	0.141
0.072	0.779	0.107	0.042
0.891	0.001	0.066	0.042
0.042	0.001	0.001	0.956
0.191	0.344	0.396	0.069
0.958	0.040	0.001	0.001
>TGCCACCT	22-TGCCACCT	9.550639	-57.718977	0	T:715.0(3.38%),B:1721.7(2.24%),P:1e-25	Tpos:101.4,Tstd:49.2,Bpos:103.8,Bstd:61.8,StrandBias:0.2,Multiplicity:1.02
0.001	0.219	0.001	0.779
0.001	0.001	0.997	0.001
0.001	0.997	0.001	0.001
0.001	0.997	0.001	0.001
0.997	0.001	0.001	0.001
0.001	0.997	0.001	0.001
0.001	0.997	0.001	0.001
0.001	0.001	0.001	0.997
>CTGACAGT	23-CTGACAGT	7.733568	-44.744314	0	T:704.0(3.33%),B:1785.1(2.32%),P:1e-19	Tpos:98.6,Tstd:55.2,Bpos:98.1,Bstd:58.0,StrandBias:0.1,Multiplicity:1.02
0.001	0.780	0.001	0.218
0.001	0.050	0.001	0.948
0.202	0.001	0.740	0.057
0.611	0.001	0.001	0.387
0.001	0.997	0.001	0.001
0.896	0.001	0.102	0.001
0.232	0.001	0.766	0.001
0.217	0.237	0.001	0.545
>CTGCGCAG	24-CTGCGCAG	8.294525	-39.249314	0	T:519.0(2.46%),B:1271.1(1.65%),P:1e-17	Tpos:104.6,Tstd:54.4,Bpos:95.9,Bstd:64.8,StrandBias:0.0,Multiplicity:1.02
0.001	0.997	0.001	0.001
0.001	0.001	0.001	0.997
0.075	0.001	0.923	0.001
0.001	0.997	0.001	0.001
0.001	0.001	0.997	0.001
0.169	0.829	0.001	0.001
0.997	0.001	0.001	0.001
0.001	0.001	0.997	0.001
>TTGTAGTG	25-TTGTAGTG	9.527543	-26.054923	0	T:119.0(0.56%),B:215.3(0.28%),P:1e-11	Tpos:101.3,Tstd:58.9,Bpos:105.6,Bstd:60.5,StrandBias:-0.1,Multiplicity:1.00
0.001	0.001	0.214	0.784
0.001	0.001	0.001	0.997
0.001	0.001	0.997	0.001
0.001	0.001	0.001	0.997
0.997	0.001	0.001	0.001
0.001	0.001	0.997	0.001
0.001	0.001	0.001	0.997
0.001	0.001	0.997	0.001
