>GCCATCTAGTGG	1-GCCATCTAGTGG	10.102348	-1191.795131	0	T:907.0(4.29%),B:373.2(0.49%),P:1e-517	Tpos:100.5,Tstd:35.2,Bpos:93.4,Bstd:56.7,StrandBias:0.0,Multiplicity:1.01
0.044	0.020	0.906	0.030
0.069	0.909	0.006	0.016
0.009	0.966	0.010	0.015
0.561	0.407	0.008	0.024
0.013	0.362	0.015	0.610
0.006	0.981	0.005	0.008
0.034	0.029	0.003	0.934
0.503	0.049	0.314	0.134
0.018	0.110	0.855	0.017
0.054	0.036	0.021	0.889
0.008	0.006	0.980	0.006
0.033	0.020	0.908	0.039
>YGCCCCCTRSYG	2-YGCCCCCTRSYG	10.059611	-996.253097	0	T:1188.0(5.62%),B:856.1(1.11%),P:1e-432	Tpos:100.1,Tstd:43.2,Bpos:86.5,Bstd:58.6,StrandBias:-0.0,Multiplicity:1.01
0.012	0.483	0.012	0.493
0.012	0.012	0.617	0.359
0.047	0.882	0.039	0.032
0.038	0.906	0.040	0.016
0.340	0.581	0.016	0.063
0.008	0.568	0.010	0.414
0.038	0.913	0.025	0.024
0.052	0.076	0.022	0.850
0.387	0.080	0.353	0.180
0.032	0.440	0.463	0.065
0.053	0.387	0.046	0.514
0.048	0.020	0.893	0.039
>SRRCCAATCRVV	3-SRRCCAATCRVV	7.785421	-937.271142	0	T:2225.0(10.53%),B:2848.9(3.71%),P:1e-407	Tpos:101.0,Tstd:47.2,Bpos:80.0,Bstd:63.8,StrandBias:0.0,Multiplicity:1.27
0.145	0.355	0.297	0.202
0.366	0.216	0.352	0.065
0.381	0.187	0.430	0.001
0.001	0.997	0.001	0.001
0.001	0.997	0.001	0.001
0.997	0.001	0.001	0.001
0.997	0.001	0.001	0.001
0.001	0.069	0.001	0.929
0.205	0.472	0.287	0.036
0.383	0.220	0.396	0.001
0.262	0.302	0.317	0.119
0.314	0.318	0.244	0.124
>GCCCCGCCCCCY	4-GCCCCGCCCCCY	8.337477	-910.969428	0	T:6793.0(32.13%),B:15153.4(19.72%),P:1e-395	Tpos:100.0,Tstd:50.3,Bpos:89.5,Bstd:60.9,StrandBias:-0.0,Multiplicity:1.45
0.213	0.100	0.479	0.209
0.064	0.575	0.176	0.185
0.109	0.596	0.001	0.294
0.111	0.882	0.001	0.006
0.001	0.977	0.021	0.001
0.066	0.013	0.714	0.207
0.001	0.997	0.001	0.001
0.001	0.997	0.001	0.001
0.001	0.719	0.001	0.279
0.181	0.558	0.020	0.241
0.065	0.507	0.092	0.336
0.139	0.290	0.145	0.426
>ACTACAAYTCCC	5-ACTACAAYTCCC	9.971144	-455.622111	0	T:613.0(2.90%),B:494.8(0.64%),P:1e-197	Tpos:103.6,Tstd:49.7,Bpos:81.2,Bstd:66.3,StrandBias:0.1,Multiplicity:1.21
0.947	0.036	0.014	0.003
0.014	0.955	0.025	0.006
0.014	0.070	0.017	0.899
0.821	0.075	0.088	0.016
0.018	0.968	0.006	0.008
0.866	0.064	0.055	0.015
0.565	0.113	0.116	0.206
0.115	0.367	0.168	0.351
0.046	0.067	0.042	0.845
0.019	0.880	0.011	0.090
0.011	0.960	0.008	0.021
0.018	0.946	0.014	0.022
>VNBCACTTCCKG	6-VNBCACTTCCKG	6.553430	-442.448428	0	T:5893.0(27.88%),B:14931.3(19.43%),P:1e-192	Tpos:100.5,Tstd:51.7,Bpos:98.2,Bstd:61.8,StrandBias:0.0,Multiplicity:1.25
0.248	0.352	0.227	0.173
0.179	0.290	0.313	0.218
0.095	0.394	0.248	0.264
0.078	0.515	0.219	0.188
0.467	0.001	0.301	0.231
0.001	0.745	0.028	0.226
0.002	0.001	0.009	0.988
0.001	0.009	0.001	0.989
0.001	0.997	0.001	0.001
0.001	0.997	0.001	0.001
0.003	0.005	0.540	0.452
0.001	0.315	0.555	0.129
>NVTGASTCABNN	7-NVTGASTCABNN	8.305165	-377.254333	0	T:886.0(4.19%),B:1106.3(1.44%),P:1e-163	Tpos:100.4,Tstd:46.1,Bpos:100.0,Bstd:55.4,StrandBias:-0.0,Multiplicity:1.08
0.218	0.205	0.340	0.237
0.326	0.316	0.315	0.042
0.001	0.001	0.001	0.997
0.001	0.001	0.959	0.039
0.997	0.001	0.001	0.001
0.161	0.381	0.271	0.186
0.001	0.001	0.001	0.997
0.104	0.893	0.001	0.002
0.951	0.001	0.047	0.001
0.012	0.320	0.337	0.331
0.247	0.299	0.229	0.225
0.203	0.289	0.321	0.188
>NAAVATGGCGGC	8-NAAVATGGCGGC	9.297938	-335.267252	0	T:747.0(3.53%),B:900.8(1.17%),P:1e-145	Tpos:101.2,Tstd:53.5,Bpos:104.9,Bstd:58.5,StrandBias:0.1,Multiplicity:1.05
0.203	0.304	0.282	0.212
0.997	0.001	0.001	0.001
0.795	0.015	0.001	0.189
0.345	0.271	0.306	0.078
0.880	0.118	0.001	0.001
0.001	0.009	0.033	0.957
0.001	0.001	0.997	0.001
0.001	0.001	0.989	0.009
0.076	0.881	0.010	0.033
0.106	0.210	0.490	0.194
0.146	0.188	0.617	0.049
0.184	0.592	0.001	0.223
>GCGCATGCGCAN	9-GCGCATGCGCAN	9.402906	-251.973572	0	T:1076.0(5.09%),B:1844.5(2.40%),P:1e-109	Tpos:102.1,Tstd:54.1,Bpos:88.2,Bstd:58.2,StrandBias:0.0,Multiplicity:1.15
0.131	0.044	0.815	0.010
0.112	0.808	0.064	0.016
0.078	0.040	0.851	0.031
0.001	0.925	0.043	0.031
0.613	0.249	0.063	0.075
0.069	0.046	0.163	0.722
0.001	0.042	0.951	0.006
0.001	0.933	0.025	0.041
0.013	0.058	0.823	0.106
0.033	0.812	0.013	0.142
0.508	0.138	0.242	0.112
0.213	0.193	0.325	0.269
>NNCAATCGGCNN	10-NNCAATCGGCNN	3.039622	-230.518640	0	T:13563.0(64.16%),B:43773.2(56.97%),P:1e-100	Tpos:99.1,Tstd:56.0,Bpos:99.9,Bstd:64.1,StrandBias:-0.0,Multiplicity:1.47
0.287	0.205	0.281	0.228
0.214	0.290	0.242	0.255
0.167	0.456	0.136	0.241
0.623	0.045	0.129	0.203
0.732	0.028	0.056	0.184
0.150	0.070	0.023	0.757
0.153	0.668	0.060	0.119
0.118	0.161	0.632	0.089
0.176	0.133	0.501	0.190
0.155	0.573	0.103	0.169
0.229	0.247	0.284	0.240
0.233	0.206	0.272	0.289
>ATGGTTCCGCCC	11-ATGGTTCCGCCC	7.541500	-229.873635	0	T:1220.0(5.77%),B:2285.9(2.98%),P:1e-99	Tpos:103.3,Tstd:52.0,Bpos:95.7,Bstd:63.8,StrandBias:0.2,Multiplicity:1.02
0.550	0.175	0.148	0.127
0.131	0.129	0.151	0.589
0.086	0.109	0.714	0.091
0.089	0.129	0.674	0.108
0.099	0.183	0.124	0.594
0.084	0.151	0.135	0.630
0.062	0.739	0.110	0.089
0.103	0.697	0.092	0.108
0.096	0.119	0.673	0.112
0.076	0.713	0.123	0.088
0.074	0.728	0.107	0.091
0.086	0.702	0.107	0.105
>CVGAAGTGACNN	12-CVGAAGTGACNN	3.213288	-227.821768	0	T:12874.0(60.90%),B:41244.6(53.68%),P:1e-98	Tpos:99.5,Tstd:56.5,Bpos:100.4,Bstd:63.5,StrandBias:-0.0,Multiplicity:1.52
0.215	0.393	0.202	0.190
0.206	0.251	0.347	0.196
0.175	0.131	0.456	0.237
0.605	0.054	0.076	0.265
0.661	0.136	0.046	0.157
0.187	0.123	0.466	0.224
0.106	0.160	0.087	0.647
0.243	0.095	0.440	0.222
0.718	0.060	0.070	0.152
0.110	0.642	0.097	0.151
0.224	0.209	0.355	0.213
0.249	0.272	0.235	0.245
>BGVTGACGTCAC	13-BGVTGACGTCAC	7.029161	-164.497729	0	T:1041.0(4.92%),B:2074.8(2.70%),P:1e-71	Tpos:99.5,Tstd:49.1,Bpos:92.0,Bstd:56.8,StrandBias:0.0,Multiplicity:1.05
0.164	0.317	0.291	0.228
0.195	0.220	0.411	0.174
0.265	0.263	0.407	0.065
0.040	0.050	0.067	0.843
0.001	0.001	0.942	0.056
0.907	0.001	0.060	0.032
0.062	0.766	0.075	0.097
0.128	0.093	0.719	0.060
0.018	0.076	0.029	0.877
0.036	0.960	0.001	0.003
0.805	0.095	0.056	0.044
0.049	0.441	0.280	0.230
>SNGTCACGTGAC	14-SNGTCACGTGAC	8.261033	-163.017373	0	T:403.0(1.91%),B:519.7(0.68%),P:1e-70	Tpos:102.1,Tstd:49.2,Bpos:83.9,Bstd:57.6,StrandBias:-0.0,Multiplicity:1.07
0.117	0.321	0.436	0.125
0.257	0.197	0.339	0.207
0.070	0.074	0.811	0.045
0.058	0.103	0.079	0.760
0.026	0.804	0.115	0.055
0.817	0.073	0.061	0.049
0.041	0.830	0.057	0.072
0.075	0.052	0.823	0.050
0.055	0.059	0.060	0.826
0.044	0.111	0.822	0.023
0.766	0.071	0.110	0.053
0.054	0.773	0.094	0.079
>TTAAAGGGGCMG	15-TTAAAGGGGCMG	10.793108	-118.176590	0	T:201.0(0.95%),B:200.4(0.26%),P:1e-51	Tpos:96.3,Tstd:53.4,Bpos:80.8,Bstd:55.9,StrandBias:-0.3,Multiplicity:1.07
0.001	0.029	0.001	0.969
0.074	0.001	0.001	0.924
0.980	0.001	0.012	0.007
0.925	0.073	0.001	0.001
0.958	0.001	0.029	0.012
0.001	0.011	0.987	0.001
0.116	0.092	0.780	0.012
0.163	0.059	0.777	0.001
0.241	0.099	0.659	0.001
0.182	0.792	0.001	0.025
0.455	0.414	0.130	0.001
0.073	0.001	0.897	0.029
>TCTCGCGAGAWC	16-TCTCGCGAGAWC	10.071411	-104.883683	0	T:163.0(0.77%),B:151.5(0.20%),P:1e-45	Tpos:104.2,Tstd:47.4,Bpos:82.9,Bstd:75.8,StrandBias:0.0,Multiplicity:1.08
0.001	0.063	0.023	0.913
0.091	0.886	0.001	0.022
0.001	0.115	0.045	0.839
0.001	0.997	0.001	0.001
0.076	0.001	0.922	0.001
0.001	0.997	0.001	0.001
0.001	0.001	0.997	0.001
0.840	0.067	0.092	0.001
0.001	0.054	0.737	0.208
0.898	0.001	0.100	0.001
0.338	0.118	0.077	0.467
0.068	0.477	0.194	0.262
>CGCGCTAATTGG	17-CGCGCTAATTGG	9.348425	-87.241755	0	T:250.0(1.18%),B:353.5(0.46%),P:1e-37	Tpos:99.3,Tstd:50.8,Bpos:93.5,Bstd:67.6,StrandBias:0.2,Multiplicity:1.01
0.071	0.845	0.060	0.024
0.089	0.071	0.769	0.071
0.083	0.881	0.035	0.001
0.001	0.001	0.905	0.093
0.001	0.940	0.047	0.012
0.036	0.061	0.101	0.802
0.773	0.064	0.103	0.060
0.759	0.060	0.108	0.073
0.071	0.085	0.060	0.784
0.036	0.036	0.112	0.816
0.108	0.036	0.844	0.012
0.001	0.083	0.881	0.035
>SGTTGCTAGGVA	18-SGTTGCTAGGVA	10.462313	-72.359291	0	T:162.0(0.77%),B:198.5(0.26%),P:1e-31	Tpos:95.2,Tstd:55.0,Bpos:95.0,Bstd:55.0,StrandBias:-0.1,Multiplicity:1.02
0.096	0.314	0.397	0.193
0.017	0.017	0.949	0.017
0.001	0.112	0.001	0.886
0.017	0.001	0.114	0.868
0.070	0.001	0.912	0.017
0.016	0.982	0.001	0.001
0.001	0.107	0.001	0.891
0.681	0.070	0.248	0.001
0.017	0.034	0.948	0.001
0.001	0.001	0.982	0.016
0.280	0.406	0.312	0.001
0.577	0.118	0.288	0.017
>GTTKCCATGGCA	19-GTTKCCATGGCA	10.976357	-66.820000	0	T:120.0(0.57%),B:127.0(0.17%),P:1e-29	Tpos:107.1,Tstd:52.2,Bpos:90.6,Bstd:63.7,StrandBias:-0.2,Multiplicity:1.00
0.215	0.001	0.783	0.001
0.026	0.373	0.001	0.600
0.001	0.278	0.026	0.695
0.191	0.106	0.403	0.300
0.026	0.947	0.026	0.001
0.001	0.997	0.001	0.001
0.983	0.015	0.001	0.001
0.022	0.001	0.016	0.961
0.298	0.001	0.700	0.001
0.001	0.026	0.838	0.135
0.270	0.429	0.110	0.191
0.699	0.026	0.249	0.026
>CCTTATATGGCG	20-CCTTATATGGCG	9.881886	-56.310207	0	T:72.0(0.34%),B:57.5(0.07%),P:1e-24	Tpos:101.9,Tstd:53.7,Bpos:101.3,Bstd:54.3,StrandBias:-0.2,Multiplicity:1.03
0.010	0.950	0.020	0.020
0.001	0.908	0.030	0.061
0.011	0.031	0.031	0.927
0.041	0.051	0.086	0.822
0.729	0.092	0.076	0.103
0.061	0.031	0.082	0.826
0.765	0.092	0.031	0.112
0.112	0.041	0.061	0.786
0.041	0.010	0.929	0.020
0.020	0.051	0.898	0.031
0.107	0.739	0.092	0.062
0.096	0.103	0.729	0.072
>CCCGCCCTGTTT	21-CCCGCCCTGTTT	11.648255	-39.701281	0	T:60.0(0.28%),B:56.1(0.07%),P:1e-17	Tpos:93.0,Tstd:52.4,Bpos:107.6,Bstd:48.2,StrandBias:-0.1,Multiplicity:1.00
0.001	0.766	0.232	0.001
0.053	0.812	0.001	0.134
0.054	0.723	0.160	0.063
0.066	0.001	0.907	0.026
0.053	0.856	0.064	0.027
0.001	0.795	0.090	0.114
0.025	0.921	0.053	0.001
0.001	0.001	0.001	0.997
0.001	0.128	0.870	0.001
0.001	0.088	0.204	0.707
0.001	0.174	0.001	0.824
0.001	0.172	0.001	0.826
>CASGGGSGVGGC	22-CASGGGSGVGGC	9.640271	-37.526689	0	T:117.0(0.55%),B:176.4(0.23%),P:1e-16	Tpos:112.0,Tstd:58.6,Bpos:105.9,Bstd:52.2,StrandBias:0.0,Multiplicity:1.00
0.142	0.630	0.036	0.192
0.590	0.215	0.024	0.171
0.184	0.345	0.449	0.022
0.128	0.249	0.548	0.075
0.063	0.182	0.634	0.121
0.311	0.017	0.655	0.017
0.033	0.429	0.511	0.027
0.034	0.035	0.907	0.024
0.343	0.268	0.367	0.023
0.199	0.220	0.493	0.088
0.152	0.018	0.629	0.201
0.028	0.709	0.025	0.238
>GAGCTGTAGTTC	23-GAGCTGTAGTTC	12.332493	-33.224119	0	T:22.0(0.10%),B:8.7(0.01%),P:1e-14	Tpos:82.3,Tstd:45.7,Bpos:87.7,Bstd:24.0,StrandBias:-0.4,Multiplicity:1.00
0.149	0.149	0.701	0.001
0.997	0.001	0.001	0.001
0.001	0.001	0.997	0.001
0.001	0.997	0.001	0.001
0.148	0.001	0.001	0.850
0.001	0.001	0.997	0.001
0.001	0.001	0.001	0.997
0.816	0.001	0.034	0.149
0.001	0.001	0.941	0.057
0.001	0.001	0.001	0.997
0.001	0.001	0.148	0.850
0.001	0.850	0.148	0.001
>CTCGCTAGGATT	24-CTCGCTAGGATT	9.391168	-26.865201	0	T:16.0(0.08%),B:5.0(0.01%),P:1e-11	Tpos:95.8,Tstd:58.9,Bpos:73.3,Bstd:36.0,StrandBias:0.8,Multiplicity:1.00
0.004	0.724	0.143	0.129
0.087	0.009	0.290	0.614
0.068	0.586	0.216	0.130
0.094	0.149	0.597	0.160
0.045	0.946	0.006	0.003
0.094	0.228	0.088	0.590
0.530	0.098	0.106	0.266
0.117	0.062	0.746	0.075
0.003	0.248	0.746	0.003
0.489	0.205	0.131	0.174
0.161	0.220	0.192	0.427
0.090	0.105	0.213	0.592
>ACGTCAAACCCG	25-ACGTCAAACCCG	10.409522	-24.278746	0	T:18.0(0.09%),B:8.8(0.01%),P:1e-10	Tpos:86.2,Tstd:46.6,Bpos:96.8,Bstd:14.1,StrandBias:0.7,Multiplicity:1.00
0.700	0.100	0.100	0.100
0.100	0.700	0.100	0.100
0.100	0.100	0.700	0.100
0.100	0.100	0.100	0.700
0.100	0.700	0.100	0.100
0.700	0.100	0.100	0.100
0.700	0.100	0.100	0.100
0.700	0.100	0.100	0.100
0.100	0.700	0.100	0.100
0.100	0.700	0.100	0.100
0.100	0.700	0.100	0.100
0.100	0.100	0.700	0.100
