>GCCATCTAGTGG	1-GCCATCTAGTGG,BestGuess:CTCF/MA0139.2/Jaspar(0.925)	10.102348	-1191.795131	0	T:907.0(4.29%),B:373.2(0.49%),P:1e-517
0.044	0.020	0.906	0.030
0.069	0.909	0.006	0.016
0.009	0.966	0.010	0.015
0.561	0.407	0.008	0.024
0.013	0.362	0.015	0.610
0.006	0.981	0.005	0.008
0.034	0.029	0.003	0.934
0.503	0.049	0.314	0.134
0.018	0.110	0.855	0.017
0.054	0.036	0.021	0.889
0.008	0.006	0.980	0.006
0.033	0.020	0.908	0.039
>SRRCCAATCRVV	3-SRRCCAATCRVV,BestGuess:NFY(CCAAT)/Promoter/Homer(0.949)	7.785421	-937.271142	0	T:2225.0(10.53%),B:2848.9(3.71%),P:1e-407
0.145	0.355	0.297	0.202
0.366	0.216	0.352	0.065
0.381	0.187	0.430	0.001
0.001	0.997	0.001	0.001
0.001	0.997	0.001	0.001
0.997	0.001	0.001	0.001
0.997	0.001	0.001	0.001
0.001	0.069	0.001	0.929
0.205	0.472	0.287	0.036
0.383	0.220	0.396	0.001
0.262	0.302	0.317	0.119
0.314	0.318	0.244	0.124
>GCCCCGCCCCCY	4-GCCCCGCCCCCY,BestGuess:KLF17(Zf)/2cell-Klf17-CutnTag(GSE211845)/Homer(0.961)	8.337477	-910.969428	0	T:6793.0(32.13%),B:15153.4(19.72%),P:1e-395
0.213	0.100	0.479	0.209
0.064	0.575	0.176	0.185
0.109	0.596	0.001	0.294
0.111	0.882	0.001	0.006
0.001	0.977	0.021	0.001
0.066	0.013	0.714	0.207
0.001	0.997	0.001	0.001
0.001	0.997	0.001	0.001
0.001	0.719	0.001	0.279
0.181	0.558	0.020	0.241
0.065	0.507	0.092	0.336
0.139	0.290	0.145	0.426
>YAYTTCCGGY	6-YAYTTCCGGY,BestGuess:Fli1(ETS)/CD8-FLI-ChIP-Seq(GSE20898)/Homer(0.989)	6.895307	-622.945761	0	T:3925.0(18.57%),B:8036.4(10.46%),P:1e-270
0.178	0.357	0.192	0.274
0.452	0.127	0.291	0.130
0.037	0.482	0.117	0.364
0.161	0.001	0.001	0.837
0.023	0.001	0.017	0.959
0.001	0.997	0.001	0.001
0.001	0.997	0.001	0.001
0.001	0.085	0.573	0.341
0.053	0.258	0.467	0.222
0.156	0.320	0.152	0.373
>ACTACAAYTCCC	5-ACTACAAYTCCC,BestGuess:GFY(?)/Promoter/Homer(0.981)	9.971144	-455.622111	0	T:613.0(2.90%),B:494.8(0.64%),P:1e-197
0.947	0.036	0.014	0.003
0.014	0.955	0.025	0.006
0.014	0.070	0.017	0.899
0.821	0.075	0.088	0.016
0.018	0.968	0.006	0.008
0.866	0.064	0.055	0.015
0.565	0.113	0.116	0.206
0.115	0.367	0.168	0.351
0.046	0.067	0.042	0.845
0.019	0.880	0.011	0.090
0.011	0.960	0.008	0.021
0.018	0.946	0.014	0.022
>RTGASTCATC	8-RTGASTCATC,BestGuess:JunB(bZIP)/DendriticCells-Junb-ChIP-Seq(GSE36099)/Homer(0.995)	7.258018	-409.902146	0	T:1029.0(4.87%),B:1341.4(1.75%),P:1e-178
0.423	0.217	0.328	0.032
0.001	0.001	0.001	0.997
0.002	0.001	0.918	0.079
0.905	0.093	0.001	0.001
0.058	0.401	0.461	0.080
0.001	0.001	0.001	0.997
0.095	0.885	0.019	0.001
0.995	0.002	0.002	0.001
0.014	0.303	0.229	0.455
0.219	0.438	0.150	0.192
>TSACGTSACK	10-TSACGTSACK,BestGuess:CREB3L4/MA1475.2/Jaspar(0.948)	5.951662	-387.381519	0	T:2055.0(9.72%),B:3879.1(5.05%),P:1e-168
0.133	0.140	0.067	0.660
0.014	0.399	0.459	0.129
0.815	0.011	0.157	0.017
0.001	0.860	0.002	0.137
0.085	0.001	0.911	0.003
0.019	0.097	0.001	0.883
0.152	0.430	0.391	0.026
0.895	0.018	0.017	0.070
0.054	0.572	0.118	0.256
0.101	0.236	0.396	0.268
>NAAVATGGCGGC	8-NAAVATGGCGGC,BestGuess:YY1(Zf)/Promoter/Homer(0.942)	9.297938	-335.267252	0	T:747.0(3.53%),B:900.8(1.17%),P:1e-145
0.203	0.304	0.282	0.212
0.997	0.001	0.001	0.001
0.795	0.015	0.001	0.189
0.345	0.271	0.306	0.078
0.880	0.118	0.001	0.001
0.001	0.009	0.033	0.957
0.001	0.001	0.997	0.001
0.001	0.001	0.989	0.009
0.076	0.881	0.010	0.033
0.106	0.210	0.490	0.194
0.146	0.188	0.617	0.049
0.184	0.592	0.001	0.223
>GCGCATGCGCAN	9-GCGCATGCGCAN,BestGuess:NRF1(NRF)/MCF7-NRF1-ChIP-Seq(Unpublished)/Homer(0.983)	9.402906	-251.973572	0	T:1076.0(5.09%),B:1844.5(2.40%),P:1e-109
0.131	0.044	0.815	0.010
0.112	0.808	0.064	0.016
0.078	0.040	0.851	0.031
0.001	0.925	0.043	0.031
0.613	0.249	0.063	0.075
0.069	0.046	0.163	0.722
0.001	0.042	0.951	0.006
0.001	0.933	0.025	0.041
0.013	0.058	0.823	0.106
0.033	0.812	0.013	0.142
0.508	0.138	0.242	0.112
0.213	0.193	0.325	0.269
>CGCGCTATTT	14-CGCGCTATTT,BestGuess:PB0008.1_E2F2_1/Jaspar(0.685)	4.973594	-155.402817	0	T:1757.0(8.31%),B:4149.4(5.40%),P:1e-67
0.176	0.464	0.155	0.205
0.014	0.158	0.695	0.133
0.125	0.646	0.137	0.092
0.179	0.119	0.577	0.125
0.187	0.552	0.131	0.130
0.138	0.131	0.187	0.544
0.614	0.138	0.151	0.097
0.151	0.137	0.143	0.569
0.144	0.159	0.117	0.580
0.203	0.208	0.175	0.415
>CCWTRGCAAC	15-CCWTRGCAAC,BestGuess:PB0055.1_Rfx4_1/Jaspar(0.922)	6.681541	-128.450826	0	T:1503.0(7.11%),B:3573.8(4.65%),P:1e-55
0.042	0.633	0.231	0.094
0.060	0.582	0.088	0.270
0.439	0.125	0.054	0.382
0.189	0.042	0.001	0.768
0.407	0.099	0.473	0.022
0.078	0.023	0.891	0.008
0.115	0.739	0.048	0.098
0.762	0.001	0.219	0.018
0.946	0.001	0.052	0.001
0.001	0.979	0.001	0.019
>TTAAAGGGGCMG	15-TTAAAGGGGCMG,BestGuess:Lef1/MA0768.3/Jaspar(0.664)	10.793108	-118.176590	0	T:201.0(0.95%),B:200.4(0.26%),P:1e-51
0.001	0.029	0.001	0.969
0.074	0.001	0.001	0.924
0.980	0.001	0.012	0.007
0.925	0.073	0.001	0.001
0.958	0.001	0.029	0.012
0.001	0.011	0.987	0.001
0.116	0.092	0.780	0.012
0.163	0.059	0.777	0.001
0.241	0.099	0.659	0.001
0.182	0.792	0.001	0.025
0.455	0.414	0.130	0.001
0.073	0.001	0.897	0.029
>TCTCGCGAGAWC	16-TCTCGCGAGAWC,BestGuess:BANP(?)/ESC-Banp-ChIP-Seq(GSE155603)/Homer(0.977)	10.071411	-104.883683	0	T:163.0(0.77%),B:151.5(0.20%),P:1e-45
0.001	0.063	0.023	0.913
0.091	0.886	0.001	0.022
0.001	0.115	0.045	0.839
0.001	0.997	0.001	0.001
0.076	0.001	0.922	0.001
0.001	0.997	0.001	0.001
0.001	0.001	0.997	0.001
0.840	0.067	0.092	0.001
0.001	0.054	0.737	0.208
0.898	0.001	0.100	0.001
0.338	0.118	0.077	0.467
0.068	0.477	0.194	0.262
>GGCKTGCC	17-GGCKTGCC,BestGuess:PB0180.1_Sp4_2/Jaspar(0.797)	5.686328	-91.822627	0	T:3314.0(15.68%),B:9640.9(12.55%),P:1e-39
0.001	0.001	0.997	0.001
0.001	0.001	0.997	0.001
0.247	0.751	0.001	0.001
0.001	0.001	0.554	0.444
0.001	0.001	0.035	0.963
0.001	0.001	0.997	0.001
0.186	0.812	0.001	0.001
0.001	0.922	0.001	0.076
>TAGTTCGC	19-TAGTTCGC,BestGuess:NR1I3/MA1534.2/Jaspar(0.676)	7.296465	-74.816152	0	T:558.0(2.64%),B:1173.9(1.53%),P:1e-32
0.001	0.073	0.001	0.925
0.882	0.001	0.093	0.024
0.001	0.001	0.997	0.001
0.001	0.086	0.022	0.891
0.114	0.022	0.177	0.687
0.023	0.975	0.001	0.001
0.001	0.085	0.843	0.071
0.055	0.835	0.017	0.093
>CCTTATATGGCG	20-CCTTATATGGCG,BestGuess:CArG(MADS)/PUER-Srf-ChIP-Seq(Sullivan_et_al.)/Homer(0.847)	9.881886	-56.310207	0	T:72.0(0.34%),B:57.5(0.07%),P:1e-24
0.010	0.950	0.020	0.020
0.001	0.908	0.030	0.061
0.011	0.031	0.031	0.927
0.041	0.051	0.086	0.822
0.729	0.092	0.076	0.103
0.061	0.031	0.082	0.826
0.765	0.092	0.031	0.112
0.112	0.041	0.061	0.786
0.041	0.010	0.929	0.020
0.020	0.051	0.898	0.031
0.107	0.739	0.092	0.062
0.096	0.103	0.729	0.072
>CCTTATGYAA	20-CCTTATGYAA,BestGuess:NFIL3/MA0025.3/Jaspar(0.883)	7.749326	-47.610946	0	T:71.0(0.34%),B:65.3(0.08%),P:1e-20
0.028	0.535	0.197	0.240
0.247	0.443	0.199	0.110
0.027	0.127	0.151	0.695
0.027	0.039	0.146	0.788
0.622	0.188	0.033	0.157
0.013	0.185	0.245	0.557
0.251	0.011	0.718	0.020
0.227	0.271	0.105	0.397
0.928	0.020	0.027	0.025
0.574	0.186	0.106	0.134
>CTGACAGT	23-CTGACAGT,BestGuess:Tgif1(Homeobox)/mES-Tgif1-ChIP-Seq(GSE55404)/Homer(0.892)	7.733568	-44.744314	0	T:704.0(3.33%),B:1785.1(2.32%),P:1e-19
0.001	0.780	0.001	0.218
0.001	0.050	0.001	0.948
0.202	0.001	0.740	0.057
0.611	0.001	0.001	0.387
0.001	0.997	0.001	0.001
0.896	0.001	0.102	0.001
0.232	0.001	0.766	0.001
0.217	0.237	0.001	0.545
>CTCGCTAGGATT	24-CTCGCTAGGATT,BestGuess:Rfx6/MA1724.2/Jaspar(0.649)	9.391168	-26.865201	0	T:16.0(0.08%),B:5.0(0.01%),P:1e-11
0.004	0.724	0.143	0.129
0.087	0.009	0.290	0.614
0.068	0.586	0.216	0.130
0.094	0.149	0.597	0.160
0.045	0.946	0.006	0.003
0.094	0.228	0.088	0.590
0.530	0.098	0.106	0.266
0.117	0.062	0.746	0.075
0.003	0.248	0.746	0.003
0.489	0.205	0.131	0.174
0.161	0.220	0.192	0.427
0.090	0.105	0.213	0.592
>CGAAAGCTAT	24-CGAAAGCTAT,BestGuess:ZBED2/MA1971.2/Jaspar(0.705)	9.686878	-26.534933	0	T:37.0(0.18%),B:33.8(0.04%),P:1e-11
0.001	0.997	0.001	0.001
0.001	0.001	0.997	0.001
0.891	0.001	0.107	0.001
0.944	0.001	0.001	0.054
0.997	0.001	0.001	0.001
0.001	0.001	0.997	0.001
0.001	0.997	0.001	0.001
0.295	0.001	0.001	0.703
0.586	0.001	0.001	0.412
0.001	0.064	0.001	0.934
>ACGTCAAACCCG	25-ACGTCAAACCCG,BestGuess:MF0002.1_bZIP_CREB/G-box-like_subclass/Jaspar(0.705)	10.409522	-24.278746	0	T:18.0(0.09%),B:8.8(0.01%),P:1e-10
0.700	0.100	0.100	0.100
0.100	0.700	0.100	0.100
0.100	0.100	0.700	0.100
0.100	0.100	0.100	0.700
0.100	0.700	0.100	0.100
0.700	0.100	0.100	0.100
0.700	0.100	0.100	0.100
0.700	0.100	0.100	0.100
0.100	0.700	0.100	0.100
0.100	0.700	0.100	0.100
0.100	0.700	0.100	0.100
0.100	0.100	0.700	0.100
>TCCTCCGTTA	25-TCCTCCGTTA,BestGuess:OVOL2/MA1545.2/Jaspar(0.755)	10.296193	-20.369775	0	T:11.0(0.05%),B:3.1(0.00%),P:1e-8
0.100	0.100	0.100	0.700
0.100	0.700	0.100	0.100
0.100	0.700	0.100	0.100
0.100	0.100	0.100	0.700
0.100	0.700	0.100	0.100
0.100	0.700	0.100	0.100
0.100	0.100	0.700	0.100
0.100	0.100	0.100	0.700
0.100	0.100	0.100	0.700
0.700	0.100	0.100	0.100
